0.61722747
0.65889523
0.67690205
0.6650711
0.64645337
0.64307653
0.65519279
0.66508311
0.66080718
0.64759115
0.63738354
0.63759786
0.6441434
0.64707671
0.64371089
0.63753517
0.63260104
0.63162459
0.63223666
0.63085537
0.6274902
0.62261986
0.61827039
0.61725136
0.61848013
0.62198359
0.62530508
0.62473059
0.62273218
0.62125079
0.62151828
0.6259426
0.63275736
0.64016671
0.64851624
0.65665962
0.66583978
0.6777091
0.69135091
0.70839708
0.7291507
0.75080732
0.77323665
0.79344496
0.80797435
0.81737488
0.82166183
0.82241959
0.82302664
0.82352768
0.82366947
0.82259974
0.81730635
0.80833024
0.79730944
0.78455864
0.77318794
0.76317023
0.75194293
0.73975892
0.72559498
0.70975243
0.69560168
0.68370856
0.67419593
0.66682584
0.65805256
0.64738564
0.6361724
0.62465531
0.61694661
0.61425922
0.61345928
0.61409059
0.61316005
0.60888678
0.60423544
0.59998351
0.59707827
0.596724
0.59671689000000006
0.59743585
0.60026643
0.6044457
0.61216705
0.62387018
0.63733264
0.65464759
0.67550042
0.69838262
0.72358311
0.74773924
0.76744442
0.78171294
0.78870681
0.78974029
0.78790485
0.78413266
0.7808101
0.77822403
0.77305005
0.76521051
0.75429673
0.74049354
0.72810139
0.71829219
0.70993983
0.70261448
0.6937309
0.68323699
0.67375599
0.66516704
0.65796901
0.65176956
0.64406436
0.63719862
0.63306362
0.63042914
0.63020073
0.629908
0.62736283
0.62512804
0.62392894
0.62452554
0.62781442
0.63108508
0.63427951
0.63873456
0.64367604
0.65130622
0.66218225
0.67412531
0.68921152
0.70666779
0.72410163
0.74135628
0.75574561
0.7659076
0.77366785
0.77925294
0.78419263
0.78981043
0.79426871
0.79787886
0.80067776
0.80086453
0.80023269
0.79875156
0.79486231
0.78972756
0.78228149
0.77178119
0.76018359
0.74762246
0.73520281
0.72458818
0.71452654
0.70549889
0.69782178
0.68951404
0.68212727
0.67624525
0.67065594
0.66735264
0.66463315
0.65942656
0.65208293
0.64252895
0.63368921
0.62985129
0.62958223
0.63000894
0.62769974
0.61980934
0.61142946
0.60848987
0.61182165
0.62147229
0.63159931
0.63683108
0.63912287
0.64119112
0.64611088
0.65577853
0.66662517
0.67609262
0.68393415
0.68962177
0.69594687
0.70419142
0.71181405
0.71886793
0.72382049
0.72490313
0.72437018
0.72228275
0.71811253
0.71294864
0.70574529
0.69731314
0.69023212
0.68437763
0.68053365
0.67833101
0.67463368
0.67030235
0.6658185
0.65964835
0.65399435
0.6486146
0.64278102
0.63903494
0.63683976
0.63512177
0.63397397
0.63115552
0.62748134
0.62519748
0.62367951
0.62441829
0.62714456
0.6290611
0.63248966
0.63799577
0.64513502
0.65564716
0.66779307
0.68009753
0.69388766
0.70923873
0.72814055
0.75218496
0.77845724
0.80465948
0.82749831
0.84271368
0.8517258
0.85580939
0.8552671
0.85264408
0.8471891
0.83782381
0.82615371
0.81232285
0.79777373
0.78443808
0.77100095
0.7577135
0.74505425
0.73176314
0.72018433
0.71091334
0.70139291
0.69226348
0.68229348
0.67088849
0.66142806
0.65443262
0.64953809
0.64660779
0.64250908
0.63728217
0.63280882
0.62875708
0.62742062
0.62856937
0.62862425
0.62903505
0.62953663
0.63001128
0.63362308
0.63995595
0.64832728
0.65972897
0.67296115
0.68907732
0.7094704
0.73180735
0.75484624
0.7758644
0.79053889
0.79993211
0.80486733
0.80553816
0.80468022
0.80181271
0.7960745
0.78881569
0.77942201
0.76844367
0.75736309
0.74546475
0.73410131
0.72417631
0.71375806
0.70364943
0.693881
0.68370448
0.67624062
0.67134652
0.66647566
0.66073981
0.65176407
0.64019496
0.63027326
0.62323646
0.61987602
0.61891863
0.61569216
0.61053642
0.60519222
0.59985796
0.59862908
0.60080192
0.60303197
0.60528598
0.60591797
0.60518039
0.60616167
0.60871136
0.6132516
0.62030286
0.6280418
0.63835025
0.65320913
0.67159017
0.69467296
0.72006671
0.74319634
0.76325284
0.77829055
0.78756767
0.79341485
0.7961992
0.79723845
0.79848059
0.79898782
0.79923886
0.79932328
0.79723617
0.79428802
0.79085423
0.78560995
0.7801917
0.77376835
0.76500881
0.75538393
0.74482198
0.73432353
0.72613217
0.71906829
0.71273521
0.70705601
0.69987199
0.69301843
0.68773126
0.68143542
0.67513671
0.6671097
0.65560592
0.64410842
0.63405375
0.62650696
0.6231129
0.62113409
0.61921183
0.61759348
0.61480886
0.61298485
0.61350003
0.61471137
0.61885715
0.62654547
0.6378399
0.65646638
0.6824561
0.71386485
0.74911385
0.78352076
0.81437419
0.84107578
0.86114439
0.87437028
0.880715
0.87906391
0.87294774
0.86484014
0.85445386
0.84381854
0.83258157
0.82083365
0.81136528
0.80285548
0.79191897
0.77589607
0.752487
0.7257766
0.70298515
0.68700607
0.67871794
0.67437898
0.66764102
0.65949994
0.65166429
0.64493609
0.64128294
0.63836876
0.63443318
0.63131329
0.62890576
0.6282513
0.62984316
0.63105751
0.6332535
0.6376947
0.64262259
0.64949512
0.65703478
0.66347018
0.67181579
0.68247536
0.69484262
0.7092713
0.72319678
0.73627206
0.75006666
0.76340216
0.77606071
0.78650688
0.79102159
0.79070237
0.78715717
0.78106519
0.77597167
0.77168105
0.76640188
0.76076028
0.75377607
0.74577644
0.73848184
0.73038257
0.72091754
0.71007681
0.69667742
0.68396158
0.67492057
0.66891987
0.66722308
0.66702699
0.66443142
0.66025362
0.6548131
0.6497367
0.64807137
0.64852273
0.64986468
0.65119929
0.64986001
0.64761157
0.64669034
0.64679035
0.65063359
0.65741111
0.66403021
0.67102527
0.6771603
0.68217727
0.68843019
0.69526985
0.70254098
0.71071757
0.71803803
0.72542106
0.73359763
0.74044239
0.74640954
0.75056428
0.75099013
0.75012091
0.74842759
0.74551647
0.74261444
0.73833827
0.73245855
0.72683774
0.7212796
0.71680674
0.7136949
0.70912012
0.70336468
0.6968853
0.68858801
0.68159909
0.6757792
0.66870069
0.66099126
0.65166485
0.64144811
0.63419503
0.63000975
0.62841807
0.62834615
0.62590075
0.62175477
0.6179471
0.61408062
0.61309093
0.61444588
0.61528652
0.61738903999999994
0.62097614
0.62663623
0.63706261
0.65079459
0.66633308
0.6834463
0.70023315
0.7183972
0.73999047
0.76364135
0.78980159
0.81639267
0.83938612
0.8589743
0.8734427
0.88072772
0.88175202
0.87651421
0.86765665
0.86040167
0.85673628
0.85765743
0.86172946
0.86418665
0.86391309
0.86073357
0.85341381
0.84467381
0.83492533
0.82358067
0.81261161
0.80087929
0.7865272
0.76957608
0.74882791
0.72664735
0.70749856
0.69226839
0.68249483
0.67722201
0.67209517
0.66801309
0.66465698
0.66029891
0.65685626
0.65303118
0.64805475
0.64447461
0.64206674
0.64137371
0.64301547
0.64430401
0.6456222
0.64798427
0.6507311
0.6572539
0.66867244
0.68343904
0.70313946
0.72609928
0.75003067
0.77469146
0.79663969
0.81331124
0.82451903
0.82959895
0.83140558
0.83283446
0.83251491
0.8295559
0.8215332
0.80576069
0.7863157
0.76673838
0.74893843
0.73522769
0.72338709
0.7111027
0.69931728
0.68763725
0.67711397
0.66878354
0.65999998
0.65075368
0.64161089
0.63128671
0.62289657
0.61730803
0.61280794
0.61069738
0.60914163
0.60625729
0.60348115
0.60020645
0.59759734
0.59776903
0.59930455
0.60313847
0.61054382
0.62113743
0.63854217
0.66329628
0.69148854
0.72112938
0.74771918
0.76853895
0.78614275
0.80168596
0.81606685
0.82966288
0.83940058
0.84474799
0.84714297
0.84680746
0.84635975
0.84611226
0.8428326
0.83682042
0.82719709
0.81356239
0.79910821
0.78462913
0.77023694
0.75691296
0.74289475
0.7281531
0.7144411
0.70171734
0.6922004
0.68664286
0.68175602
0.67742788
0.67229619
0.66477815
0.65829512
0.65356536
0.6500685
0.64874837
0.64713734
0.64467675
0.64311449
0.64161104
0.64169174
0.64401013
0.64594026
0.64907311
0.65377148
0.65858615
0.6662299
0.67629388
0.68760806
0.70153166
0.71630857
0.73067108
0.74491107
0.75730331
0.76882843
0.78119018
0.79345881
0.8067849
0.82040835
0.83078678
0.83857896
0.84321815
0.84444691
0.84507003
0.8447324
0.84207183
0.83682472
0.82710913
0.81394114
0.80000131
0.7853833
0.7716368
0.75924751
0.74662934
0.73628351
0.72840865
0.72020501
0.71124999
0.69934575
0.68451645
0.67157358
0.66250086
0.65791113
0.65679931
0.65413826
0.64893097
0.64272538
0.63575707
0.63182541
0.63135808
0.63108596
0.63185344
0.63244345
0.63226954
0.63428473
0.63820371
0.64390439
0.65231569
0.66159837
0.67255076
0.68659143
0.70237949
0.72116621
0.74256384
0.76348797
0.78488764
0.80501393
0.82095638
0.83274966
0.83884403
0.83948605
0.83780375
0.83443787
0.83024957
0.82554594
0.81814006
0.80909601
0.79988455
0.78980864
0.78098036
0.77309289
0.76429686
0.75610169
0.74778299
0.73826874
0.72867847
0.71801939
0.70698328
0.69790847
0.68998999
0.68360306
0.67826882
0.67091063
0.663174
0.65641142
0.65024625
0.6475125
0.64673552
0.64500212
0.64251985
0.63814216
0.63340222
0.63200529
0.63407319
0.63999963
0.64852776
0.65543565
0.66113004
0.6671892
0.67451647
0.68800695
0.70773347
0.7300511
0.75249214
0.77040477
0.78160934
0.78783898
0.789042
0.78618622
0.78038769
0.77057824
0.75931388
0.74909069
0.7388621
0.72975717
0.72032531
0.70837709
0.69691559
0.68740261
0.6802541
0.67669674
0.67412441
0.67089397
0.66774397
0.66365527
0.65997253
0.65774951
0.65502388
0.65337583
0.65346373
0.65411395
0.65783751
0.66399861
0.67092369
0.67975636
0.68959262
0.700943
0.71535601
0.73028969
0.74389916
0.75462822
0.76047542
0.76500916
0.77158918
0.7797018
0.79012837
0.79978602
0.80564773
0.80937282
0.81109924
0.81054847
0.80804642
0.8017247
0.79273695
0.78413345
0.77592959
0.76869903
0.76115002
0.75000628
0.73757872
0.7255257
0.71325079
0.7020889
0.69025068999999994
0.67676968
0.66480976
0.65516427
0.64830058
0.6442317
0.63964017
0.63475973
0.63113114
0.62772008
0.62642921
0.62674989
0.62611322
0.62704916
0.62993503
0.63447408
0.64268901
0.65349411
0.66682635
0.68404966
0.70281935
0.72159433
0.73863614
0.75078991
0.7600917
0.76889509
0.77695847
0.78666268
0.79667122
0.80465722
0.81168876
0.81685739
0.819464
0.82025597
0.81790235
0.81319755
0.80806621
0.80186281
0.79538949
0.7882622
0.77806303
0.76689118
0.75608987
0.74557974
0.73773227
0.73117017
0.72337188
0.71466221
0.70379485
0.69162821
0.68078907
0.67050187000000006
0.66150611
0.65402533
0.64565932
0.63843778
0.63313369
0.62795578
0.62468334
0.62199686
0.61843472
0.61618959
0.61501057
0.61540916
0.61912433
0.62513541
0.63511351
0.65146231
0.67372211
0.70323054
0.7379555
0.77153796
0.80133529
0.82365271
0.83668038
0.84376912
0.84643046
0.84570547
0.84308322
0.8372787
0.82915736
0.82090135
0.8122159
0.8042071
0.79660275
0.78703738
0.77730022
0.76778329
0.75705876
0.74622982
0.73451874
0.72221462
0.71254534
0.70524375
0.69881799
0.6919228
0.68169873
0.67001979
0.66021135
0.65145048
0.64437724
0.63729391
0.62771222
0.62017301
0.61652789
0.61545832
0.61618879
0.61463978
0.61037843
0.60798816
0.60918594
0.615107
0.62427029
0.63179373
0.63876177
0.64800056
0.66002362
0.67814793
0.70081738
0.72464889
0.75006585
0.77547119
0.79949169
0.82242805
0.84250176
0.86040531
0.87789577
0.89333855
0.9059327
0.91366432
0.91346913
0.90829414
0.90137737
0.89467127
0.8912459
0.88944242
0.88607119
0.88045312
0.87127652
0.85981684
0.84895562
0.83828164
0.82795777
0.81709413
0.80229841
0.7845845
0.7649644
0.74312768
0.72281357
0.70490155
0.68924465
0.67813365
0.67031551
0.66455763
0.66073973
0.65609953
0.65112255
0.64730176
0.64343892
0.6414857
0.64155608
0.64120221
0.64317614
0.64752042
0.65332819
0.66264746
0.67451657
0.6886271
0.70601142
0.72365814
0.73942389
0.75221126
0.7604329
0.76747684
0.77591927
0.78355987
0.789375
0.79005860000000006
0.78379044
0.77541409
0.76830338
0.76344949
0.76048126
0.7551848
0.74609029
0.73575255
0.72577425
0.71867217
0.71432406
0.70851094
0.70095862
0.69219131
0.68234312
0.67545974
0.67181366
0.66922545
0.6674041
0.66362191
0.65694575
0.64967606
0.64221659
0.63690574
0.63542413
0.63513405
0.63595964
0.63702055
0.6356105
0.63475917
0.63527487
0.63681594
0.641988
0.65029053
0.66130177
0.67621822
0.69288948
0.71007903000000006
0.72708968
0.74127929
0.75370776
0.7656985
0.77633361
0.78767172
0.79910661
0.80840838
0.81672346
0.82332098
0.82768168
0.83115697
0.83246086
0.83126933
0.82849595
0.82331268
0.81715061
0.81096448
0.8029041
0.79361416
0.78264715
0.7688333
0.75516169
0.74258436
0.73083002
0.72059513
0.70937896
0.69571851
0.68086488
0.66517738
0.65176853
0.64329582
0.637799
0.63480781
0.63232759
0.62667351
0.62041898
0.61429479
0.60773394
0.60272664
0.59796899
0.59291701
0.58942277
0.58613189
0.58282805
0.5800294
0.57666867
0.5757958
0.57934021
0.58458486
0.59087763
0.59610893
0.60020234
0.60976535
0.62885026
0.65747361
0.69246171
0.72541103
0.75054289
0.76723311
0.77602873000000006
0.78060653
0.78356349
0.7838566
0.7829156
0.78074922
0.77538459
0.7683953
0.75965078
0.74928646
0.74050808
0.73325309
0.72621837
0.71878829
0.70834427
0.69567187
0.6836606
0.67242106
0.66371548
0.6575444
0.65095041
0.64602134
0.643248
0.6415556
0.64224594
0.64325163
0.64275781
0.64232488
0.64202626
0.64408451
0.65085013
0.66028261
0.67222805
0.68613849
0.69989175
0.71649411
0.73640753
0.75690335
0.77743066
0.79488536
0.8078655
0.8192876
0.82987088
0.84017028
0.85023966
0.85733982
0.86201365
0.8657639
0.86759028
0.86854791
0.86762801
0.86266108
0.85640229
0.85013804
0.84396373
0.83882245
0.83224202
0.82276464
0.81176512
0.79924643
0.78720773
0.77746488
0.76934494
0.76226046
0.75387184
0.74334838
0.73413864
0.72661925
0.71780533
0.70411834
0.68481833
0.66824602
0.66384108
0.66914591
0.67158541
0.65947593
0.63778803
0.62936261
0.64710298
0.67402141
0.67744808
0.64342663
0.60571671
0.62307233
0.71254966
