4518.450195
4494.100098
4550.25
4734.850098
4752.950195
4837.149902
4939.100098
4937.600098
4942.700195
4996.450195
5021.5
5069.0
5211.649902
5208.149902
5186.25
5062.649902
5328.149902
5438.899902
5525.299805
5428.350098
5670.649902
5658.899902
5551.100098
5360.350098
5202.75
5185.299805
5477.600098
5499.049805
5564.25
5708.899902
5917.549805
5868.899902
5903.799805
5854.850098
5931.899902
5847.100098
5782.399902
5779.299805
5660.600098
5612.350098
5703.950195
5942.700195
5913.149902
5908.049805
5911.25
5778.799805
5564.649902
5524.299805
5611.299805
5729.25
5699.549805
5617.799805
5633.899902
5765.450195
5870.200195
5861.899902
5941.049805
5963.600098
5974.0
5960.399902
6067.049805
6159.25
6056.200195
6037.950195
5777.600098
5730.25
5751.75
5771.299805
5988.450195
6069.0
6079.549805
6095.0
6136.75
6144.700195
6184.25
6179.100098
6271.0
6282.450195
6287.549805
6278.100098
6166.649902
6208.799805
6226.350098
6065.0
5937.950195
5907.75
5705.0
5203.350098
4903.049805
5208.0
5035.049805
5380.950195
5279.549805
5283.75
5172.25
5140.600098
5315.549805
5463.75
5470.399902
5322.549805
5132.100098
5120.549805
4877.850098
4836.549805
4944.649902
5202.850098
5304.450195
5278.399902
5267.149902
5156.899902
5183.399902
5112.25
5200.799805
5271.399902
5266.350098
5285.0
5222.799805
4958.549805
4866.850098
4918.299805
4767.799805
4796.299805
4869.75
4868.700195
4623.799805
4745.450195
4519.899902
4534.75
4576.799805
4616.799805
4878.700195
4828.799805
4830.0
4942.149902
4735.649902
4741.399902
4753.899902
4766.700195
4631.350098
4760.649902
4707.049805
4747.549805
4734.350098
4779.950195
4881.649902
4890.600098
4955.899902
5037.049805
5044.350098
5022.899902
4999.149902
5112.5
5092.399902
5198.350098
5265.299805
5227.25
5192.350098
5156.700195
5135.799805
5070.850098
4981.0
5008.600098
4958.450195
5010.899902
5115.649902
5157.0
5105.700195
5117.0
5026.549805
4953.600098
4877.149902
4862.700195
4926.299805
4844.049805
4869.25
4739.299805
4718.700195
4586.950195
4680.549805
4626.450195
4522.0
4469.649902
4524.399902
4539.5
4536.299805
4572.5
4652.799805
4582.549805
4504.200195
4351.149902
4271.049805
4189.600098
4252.600098
4315.299805
4136.25
4039.75
3895.300049
4094.600098
3926.649902
4002.0
4028.699951
3990.899902
4155.649902
4166.0
4047.449951
4039.300049
3861.550049
3823.149902
3962.949951
4092.199951
4158.450195
4246.700195
4476.200195
4440.850098
4282.25
4332.200195
4191.200195
4314.350098
4331.600098
4426.100098
4395.799805
4506.25
4515.25
4518.350098
4529.350098
4620.950195
4548.049805
4524.200195
4430.700195
4393.100098
4365.450195
4416.200195
4283.850098
4317.950195
4335.200195
4336.850098
4290.75
4230.600098
4356.100098
4358.850098
4512.950195
4444.700195
4358.299805
4485.149902
4467.5
4397.25
4291.600098
4231.950195
4072.550049
4074.800049
4005.25
4040.800049
4248.950195
4223.899902
4125.75
4162.149902
4108.75
3990.199951
3848.699951
3921.850098
3953.550049
3817.300049
3606.949951
3604.399902
3502.050049
3272.899902
3494.100098
3517.899902
3333.850098
3269.050049
3108.199951
3125.399902
3234.699951
3064.800049
2936.25
2583.75
2685.300049
2696.300049
2885.399902
3050.25
3155.75
2998.449951
2893.25
2973.300049
3147.199951
2937.899902
2848.0
2813.399902
2802.449951
2682.75
2634.199951
2553.600098
2690.850098
2708.300049
2652.449951
2745.699951
2745.699951
2755.149902
2672.899902
2657.5
2656.5
2786.649902
2714.699951
2785.699951
2934.050049
2915.350098
2917.899902
2983.600098
3040.449951
2955.350098
3063.0
3077.25
3039.25
2967.399902
2919.850098
2857.149902
2922.550049
2979.800049
3034.600098
3058.75
3121.5
3112.800049
2919.949951
2868.850098
2775.0
2748.399902
2832.300049
2737.0
2828.699951
2842.899902
2777.399902
2714.699951
2705.449951
2686.050049
2771.100098
2849.350098
2824.050049
2872.350098
2773.5
2780.699951
2802.75
2779.350098
2843.050049
2919.699951
2933.0
2927.399902
2896.949951
2948.25
2853.850098
2755.149902
2776.699951
2789.300049
2737.25
2733.449951
2762.199951
2785.699951
2764.600098
2672.149902
2611.949951
2645.899902
2576.75
2620.100098
2574.5
2616.600098
2716.050049
2776.350098
2757.649902
2797.050049
2807.350098
2807.25
2923.800049
2938.800049
2982.25
3079.399902
3108.75
2981.699951
3023.850098
3061.050049
3211.350098
3255.350098
3346.0
3342.199951
3381.449951
3484.350098
3369.5
3384.75
3376.850098
3364.600098
3330.5
3423.600098
3481.300049
3469.5
3371.649902
3478.699951
3478.699951
3664.5
3662.0
3617.149902
3681.800049
3615.75
3554.649902
3668.75
3631.899902
3597.850098
3673.149902
4324.950195
4318.75
4270.350098
4211.850098
4238.100098
4239.549805
4117.299805
4276.149902
4340.75
4450.399902
4530.450195
4525.5
4530.299805
4573.299805
4582.350098
4427.75
4551.700195
4657.399902
4637.549805
4584.649902
4478.100098
4515.350098
4352.950195
4251.100098
4314.200195
4223.299805
4247.299805
4293.850098
4243.950195
4375.399902
4391.5
4292.299805
4373.5
4347.299805
4429.600098
4166.0
4201.850098
4078.75
4081.399902
4003.399902
3974.100098
4120.799805
4223.5
4231.450195
4377.899902
4501.5
4469.299805
4409.700195
4524.799805
4568.649902
4572.799805
4565.799805
4513.100098
4571.600098
4633.799805
4706.25
4680.950195
4694.350098
4591.899902
4486.5
4435.0
4473.799805
4458.549805
4605.149902
4578.799805
4389.5
4457.75
4394.350098
4453.450195
4536.950195
4641.649902
4659.450195
4679.0
4688.399902
4730.850098
4662.200195
4624.0
4608.75
4608.700195
4682.399902
4782.850098
4804.899902
4814.350098
4819.399902
4830.350098
4808.350098
4894.649902
4958.549805
4963.950195
4977.100098
5019.950195
4977.149902
4985.100098
4959.149902
5007.649902
5087.200195
5076.049805
5003.649902
5031.700195
5011.25
4993.0
4945.450195
5054.350098
5054.350098
5118.549805
5108.649902
5145.600098
5114.850098
5063.350098
4986.549805
4997.149902
4970.549805
4846.549805
4826.100098
4751.100098
4712.25
4567.299805
4711.649902
4767.5
4796.149902
4898.899902
4882.299805
5004.399902
4952.350098
4996.5
5058.950195
5061.5
5043.950195
4988.75
5052.950195
5105.0
5091.549805
5116.450195
5005.049805
4942.25
5039.700195
5122.75
5124.549805
5131.700195
5108.850098
5068.549805
5147.649902
5112.399902
5136.049805
5117.450195
5105.75
5032.950195
5046.649902
5042.0
4983.649902
4953.350098
5200.899902
5200.899902
5200.899902
5200.899902
5200.899902
5200.899902
5277.149902
5278.149902
5281.799805
5264.25
5263.799805
5251.100098
5212.600098
5234.5
5259.899902
5253.649902
5274.200195
5226.100098
5220.200195
5094.149902
5034.549805
5008.5
4863.0
4866.149902
4882.049805
4907.850098
4831.0
4931.299805
4819.649902
4755.350098
4755.350098
4760.549805
4793.0
4757.25
4827.899902
4801.799805
4858.649902
4915.100098
4887.299805
4849.350098
4856.600098
4869.549805
4859.0
4858.5
4935.600098
5015.799805
5096.950195
5080.549805
5092.149902
5121.049805
5101.600098
5116.350098
5131.799805
5134.450195
5128.950195
5198.450195
5232.549805
5246.799805
5260.950195
5205.850098
5225.299805
5260.549805
5283.899902
5302.950195
5260.399902
5249.200195
5291.399902
5369.649902
5365.700195
5376.299805
5302.399902
5354.149902
5340.850098
5323.299805
5273.399902
5279.049805
5208.299805
5230.299805
5248.600098
5269.649902
5299.350098
5322.100098
5308.200195
5215.25
5254.200195
5278.399902
5223.899902
5148.350098
5124.399902
5072.299805
5026.600098
5189.75
5133.75
5157.549805
5180.549805
5093.899902
5059.549805
5065.100098
4924.299805
4946.700195
4944.299805
4945.299805
4807.299805
4915.149902
5005.600098
5076.100098
5086.25
4970.75
5020.149902
5112.600098
5132.950195
5036.700195
4985.049805
4999.600098
5078.75
5120.149902
5201.299805
5225.049805
5233.649902
5274.950195
5266.5
5353.950195
5316.149902
5323.25
5320.5
5271.100098
5333.549805
5254.25
5312.049805
5251.25
5237.0
5236.100098
5293.100098
5242.0
5297.200195
5352.25
5370.200195
5402.0
5387.100098
5376.649902
5392.700195
5387.0
5368.850098
5399.149902
5441.899902
5446.549805
5420.200195
5436.100098
5397.850098
5408.399902
5369.549805
5432.5
5441.350098
5470.149902
5448.25
5439.799805
5486.799805
5460.700195
5418.700195
5420.649902
5452.100098
5422.149902
5416.25
5478.25
5540.799805
5531.149902
5541.100098
5505.299805
5462.100098
5489.600098
5408.899902
5413.549805
5403.049805
5471.899902
5486.299805
5479.549805
5575.899902
5604.25
5608.299805
5639.200195
5760.299805
5795.25
5861.100098
5828.700195
5885.049805
5980.5
6008.399902
5991.049805
5959.450195
6018.299805
6036.049805
6029.149902
5991.350098
6030.299805
6144.700195
6159.450195
6150.950195
6186.850098
6121.399902
6105.950195
6135.950195
6091.450195
6234.299805
6175.899902
6112.75
6114.450195
6002.950195
6008.899902
6113.399902
6101.25
6116.299805
6075.450195
6039.950195
6021.149902
6092.299805
6127.549805
6150.600098
6209.600098
6335.25
6281.0
6303.200195
6286.350098
6182.299805
6079.899902
6143.450195
6075.950195
6011.299805
5920.899902
5971.549805
5946.799805
5883.950195
5828.549805
5789.950195
5811.600098
5871.0
6023.049805
6013.350098
6033.649902
5995.049805
5954.399902
5924.25
5761.0
5882.649902
5928.700195
5931.149902
5910.549805
5926.850098
5960.399902
6019.0
6005.899902
5940.25
6013.299805
6005.350098
6005.149902
6062.350098
6105.100098
6177.450195
6172.75
6141.350098
6107.0
6030.899902
5901.299805
5767.950195
5800.049805
5850.75
5752.100098
5648.799805
5682.549805
5737.350098
5656.0
5692.049805
5717.100098
5763.299805
5725.299805
5614.0
5452.549805
5537.299805
5469.549805
5430.450195
5519.899902
5430.149902
5432.350098
5293.049805
5246.049805
5219.649902
5340.25
5467.75
5467.600098
5501.700195
5557.549805
5456.600098
5504.399902
5452.450195
5408.75
5321.049805
5330.149902
5382.0
5478.450195
5586.200195
5490.049805
5466.100098
5542.399902
5516.100098
5456.149902
5436.5
5420.0
5475.950195
5455.399902
5475.350098
5408.75
5390.850098
5411.399902
5501.799805
5588.649902
5645.25
5686.5
5755.799805
5803.049805
5835.0
5842.0
5923.850098
5908.0
5888.549805
5886.75
5805.350098
5747.950195
5898.75
5824.350098
5716.0
5786.049805
5882.850098
5859.600098
5876.850098
5884.200195
5851.350098
5782.5
5766.899902
5689.700195
5567.700195
5531.600098
5477.649902
5575.200195
5555.549805
5547.200195
5537.799805
5492.350098
5541.700195
5496.100098
5448.200195
5448.149902
5450.649902
5456.700195
5385.100098
5389.100098
5372.75
5413.700195
5493.75
5561.049805
5561.049805
5529.899902
5565.700195
5504.299805
5509.149902
5535.25
5523.549805
5518.049805
5469.850098
5485.600098
5494.450195
5419.649902
5412.5
5372.200195
5280.799805
5304.649902
5269.100098
5343.399902
5441.200195
5548.850098
5566.5
5614.5
5705.75
5679.549805
5659.850098
5622.700195
5633.350098
5734.649902
5648.049805
5556.899902
5542.049805
5512.299805
5602.950195
5581.75
5569.850098
5642.049805
5554.600098
5576.950195
5633.799805
5688.450195
5588.549805
5492.399902
5479.0
5527.5
5493.200195
5402.0
5412.399902
5204.350098
5083.850098
4947.899902
5196.549805
5128.0
5194.399902
5125.75
5030.299805
5077.950195
4859.299805
4843.700195
4925.149902
4934.350098
4914.649902
4839.25
4806.200195
4973.25
5109.799805
4998.899902
4993.350098
5080.149902
5139.200195
5161.299805
4981.700195
4977.799805
4965.049805
5062.350098
5123.350098
5068.399902
5042.549805
5153.75
5054.450195
4873.75
4878.600098
4905.149902
5005.5
4924.200195
4990.149902
4874.399902
4823.5
4791.299805
4883.649902
4886.850098
5019.899902
5011.200195
5130.799805
5057.350098
5156.200195
5049.450195
5080.450195
5086.549805
5106.600098
5114.700195
5137.899902
5341.899902
5358.899902
5278.600098
5216.75
5241.549805
5325.399902
5292.25
5309.700195
5159.75
5217.350098
5131.200195
5059.100098
5027.100098
4899.149902
4873.799805
4794.850098
4779.5
4731.299805
4731.299805
4769.299805
4864.200195
4766.149902
4970.850098
4940.850098
5036.5
5050.100098
5037.399902
4870.75
4906.850098
4733.600098
4788.700195
4712.799805
4752.5
4623.149902
4635.799805
4636.450195
4636.899902
4763.200195
4780.200195
4780.200195
4756.200195
4681.149902
4659.950195
4675.799805
4675.799805
4774.950195
4749.0
4724.149902
4747.549805
4747.549805
4771.850098
4863.149902
4840.950195
4861.950195
4844.0
4904.5
4977.75
4995.0
5044.850098
5025.350098
5064.799805
5151.5
5216.75
5163.549805
5125.25
5198.149902
5272.100098
5276.100098
5379.450195
5412.950195
5343.799805
5343.049805
5399.799805
5382.100098
5380.799805
5460.600098
5513.75
5574.200195
5561.899902
5609.75
5490.049805
5479.149902
5448.100098
5310.5
5424.950195
5366.0
5369.450195
5342.549805
5342.549805
5266.0
5207.049805
5294.100098
5420.100098
5391.049805
5490.549805
5462.5
5380.350098
5337.350098
5257.149902
5267.200195
5361.100098
5255.649902
5274.350098
5242.950195
5231.700195
5145.950195
5206.600098
5296.350098
5353.200195
5328.649902
5282.5
5254.100098
5209.450195
5246.75
5255.700195
5190.600098
5266.600098
5320.700195
5320.600098
5313.950195
5277.399902
5215.899902
5222.200195
5214.75
5189.0
5201.450195
5254.299805
5211.200195
5166.649902
5017.799805
5114.700195
4967.899902
4984.149902
4938.850098
4934.350098
4869.850098
4875.299805
4878.600098
4796.399902
4954.700195
4954.700195
4843.0
4863.399902
4905.950195
4931.700195
5005.350098
4964.25
4896.100098
4910.850098
4797.299805
4869.450195
4886.649902
5035.350098
5044.25
5096.700195
5015.5
5117.549805
5105.100098
5069.549805
5174.0
5050.799805
5114.549805
5097.350098
5101.75
5158.5
5107.450195
5149.450195
5148.950195
5191.25
5283.850098
5298.850098
5310.399902
5297.049805
5324.700195
5283.700195
5286.600098
5315.25
5240.0
5242.75
5232.350098
5228.049805
5199.100098
5249.850098
5233.549805
5163.25
5128.799805
5118.399902
5126.299805
5124.299805
5129.75
5214.850098
5220.700195
5233.100098
5195.600098
5260.850098
5295.399902
5345.25
5348.299805
5308.200195
5316.350098
5343.25
5385.950195
5368.600098
5368.700195
5395.75
5426.149902
5392.600098
5387.850098
5343.850098
5343.850098
5268.600098
5298.200195
5276.5
5249.149902
5243.899902
5217.649902
5309.450195
5361.899902
5361.899902
5336.100098
5404.450195
5435.200195
5528.350098
5631.75
5602.399902
5536.950195
5577.0
5691.950195
5674.899902
5653.399902
5673.75
5684.799805
5704.75
5727.700195
5751.549805
5815.0
5751.850098
5708.149902
5671.149902
5663.5
5681.700195
5674.25
5705.600098
5681.100098
5675.299805
5703.299805
5667.600098
5715.649902
5688.799805
5665.200195
5656.350098
5596.75
5609.850098
5696.350098
5693.049805
5694.100098
5718.600098
5709.0
5731.100098
5688.450195
5688.450195
5650.350098
5624.799805
5577.299805
5604.799805
5582.5
5628.600098
5635.450195
5648.649902
5658.5
5736.700195
5836.0
5878.25
5866.799805
5906.600098
5926.299805
5934.0
5916.049805
5923.799805
5917.799805
5900.350098
5846.899902
5860.5
5873.600098
5917.299805
5934.450195
5888.0
5869.0
5864.950195
5930.200195
5887.149902
5901.200195
5982.600098
5982.600098
6015.799805
6011.950195
6042.149902
5983.450195
6006.200195
5998.799805
6012.399902
5967.200195
6037.850098
6049.0
6001.25
6059.850098
6085.75
6080.149902
6052.850098
6046.200195
6024.5
6082.100098
6064.700195
6065.0
6045.649902
6040.950195
6025.200195
5948.200195
5988.049805
5936.450195
5929.100098
5920.049805
5894.350098
5943.149902
5933.200195
5869.950195
5888.649902
5900.200195
5966.299805
5909.649902
5837.950195
5870.549805
5838.299805
5784.899902
5834.350098
5702.450195
5704.700195
5722.450195
5816.399902
5801.299805
5883.649902
5946.100098
5944.600098
5884.799805
5845.950195
5914.899902
5816.75
5859.5
5740.549805
5705.899902
5659.799805
5707.299805
5613.75
5647.75
5697.350098
5701.700195
5740.200195
5640.649902
5568.100098
5550.5
5568.75
5536.25
5601.649902
5520.700195
5508.5
5562.450195
5708.649902
5682.700195
5789.850098
5843.100098
5856.100098
5899.75
5877.600098
5932.600098
5911.399902
5993.5
5944.899902
5983.450195
6064.149902
6078.350098
6046.25
6098.200195
5989.700195
6018.850098
6128.25
6172.950195
6198.0
6152.350098
6127.049805
6050.399902
6010.700195
5989.399902
6086.350098
6120.450195
6072.149902
6098.700195
5997.350098
5941.100098
5908.299805
5895.0
5900.049805
5907.899902
5848.75
5771.75
5709.350098
5748.950195
5820.399902
5841.899902
5805.75
5754.149902
5639.899902
5638.049805
5606.950195
5627.950195
5647.950195
5749.5
5834.100098
5885.5
5811.950195
5794.75
5889.950195
5833.149902
5834.600098
5869.899902
5894.5
6000.5
5991.200195
5930.799805
5972.25
5984.700195
6057.200195
6009.75
6064.299805
6032.200195
5970.399902
5937.950195
5869.950195
5836.049805
5738.350098
5776.899902
5750.049805
5682.399902
5664.899902
5549.299805
5510.049805
5606.700195
5600.25
5715.399902
5705.450195
5497.549805
5353.450195
5494.450195
5282.799805
5428.75
5499.399902
5426.5
5233.450195
5316.5
5407.450195
5480.25
5574.700195
5358.649902
5553.75
5617.450195
5738.5
5887.25
5931.149902
5828.0
5930.299805
5824.200195
5872.75
6044.149902
6104.549805
5945.799805
5855.0
5901.549805
5872.799805
5905.549805
5801.049805
5756.100098
5819.100098
5891.299805
5889.049805
5975.0
5893.25
6001.049805
6104.850098
6093.0
6147.549805
6098.5
6070.899902
6202.0
6192.299805
6209.549805
6162.799805
6154.0
6155.100098
6107.549805
6230.799805
6237.149902
6289.75
6282.149902
6260.549805
6228.899902
6170.149902
6110.399902
6087.25
5998.850098
6037.0
6111.049805
6197.25
6186.850098
6096.5
6027.350098
6035.950195
6099.25
6062.700195
6092.0
6103.899902
6171.149902
6204.25
6187.950195
6262.450195
6234.399902
6415.0
6354.700195
6307.200195
6276.75
6201.299805
6168.350098
6178.200195
6129.950195
6253.899902
6179.950195
6267.200195
6296.450195
6270.100098
6292.799805
6336.399902
6307.350098
6301.25
6301.25
6194.549805
6220.850098
6203.899902
6178.049805
6181.700195
6178.850098
6189.549805
6260.25
6265.950195
6341.350098
6306.25
6261.75
6320.149902
6309.049805
6325.950195
6301.649902
6186.299805
6131.850098
6161.0
6067.0
6082.75
6058.799805
5947.600098
6004.25
6028.350098
6077.649902
6072.799805
6072.450195
6085.350098
6087.549805
6023.75
6071.299805
6071.299805
6132.049805
6127.149902
6108.299805
6140.950195
6205.700195
6202.450195
6228.450195
6264.350098
6216.75
6328.450195
6344.75
6413.950195
6491.700195
6537.350098
6497.5
6491.75
6447.25
6532.450195
6530.0
6508.350098
6515.200195
6510.5
6510.5
6550.100098
6615.649902
6613.100098
6673.049805
6723.149902
6729.5
6757.600098
6772.049805
6741.850098
6694.25
6722.0
6803.049805
6758.350098
6792.700195
6727.25
6695.450195
6789.25
6822.899902
6823.25
6855.799805
6855.799805
6778.549805
6769.0
6724.950195
6709.950195
6681.649902
6719.25
6708.600098
6669.899902
6654.149902
6863.399902
7080.0
7112.0
7111.299805
7270.200195
7276.850098
7309.950195
7274.850098
7289.950195
7306.5
7428.75
7363.100098
7324.950195
7316.600098
7254.850098
7264.049805
7375.350098
7417.549805
7399.75
7521.5
7621.649902
7679.049805
7672.399902
7641.299805
7668.200195
7534.799805
7525.049805
7636.049805
7580.049805
7543.299805
7514.0
7515.200195
7588.549805
7554.100098
7514.200195
7534.049805
7629.0
7683.049805
7734.350098
7718.100098
7780.399902
7804.049805
7637.950195
7589.5
7584.100098
7469.0
7491.299805
7564.149902
7612.700195
7630.25
7701.649902
7708.200195
7794.899902
7796.25
7828.200195
7792.899902
7746.200195
7784.649902
7662.5
7639.549805
7706.649902
7726.149902
7651.149902
7588.700195
7619.850098
7688.799805
7717.299805
7756.149902
7785.25
7901.0
7915.799805
7875.350098
7904.549805
7931.75
7874.5
7933.899902
7942.25
7990.350098
8038.600098
8110.850098
8114.200195
8099.899902
8132.950195
8161.899902
8135.549805
8115.149902
8087.049805
8070.350098
8036.600098
7971.5
7950.649902
8129.399902
8084.450195
8144.399902
8015.549805
8003.299805
7885.850098
7978.450195
7948.799805
7960.5
7897.399902
7828.75
7886.5
7911.0
7831.0
7923.25
7837.299805
7837.299805
7733.75
7896.950195
7906.149902
7997.799805
8064.350098
8002.399902
8077.049805
8085.200195
8200.799805
8348.150391
8351.25
8331.849609
8337.799805
8354.099609
8378.900391
8405.25
8360.700195
8378.400391
8441.25
8440.650391
8406.5
8408.200195
8490.950195
8530.799805
8450.299805
8477.799805
8516.799805
8605.099609
8535.450195
8528.700195
8582.400391
8584.25
8538.650391
8439.299805
8318.049805
8338.849609
8302.0
8160.75
8172.600098
8041.200195
8138.899902
8230.450195
8255.0
8324.599609
8272.049805
8204.799805
8214.700195
8260.299805
8243.900391
8288.700195
8288.700195
8407.950195
8325.299805
8118.649902
8191.399902
8285.450195
8291.349609
8346.150391
8307.25
8424.5
8504.049805
8550.049805
8575.099609
8719.650391
8745.849609
8827.950195
8871.349609
8902.75
8901.5
8996.599609
8802.5
8823.150391
8789.150391
8733.099609
8696.849609
8584.400391
8478.099609
8603.299805
8676.950195
8741.5
8831.400391
8811.549805
8883.049805
8895.5
8856.849609
8772.900391
8801.900391
8779.0
8729.5
8953.849609
8953.849609
8962.849609
9109.150391
8929.400391
8891.150391
8769.75
8728.75
8740.650391
8844.049805
8656.75
8689.099609
8742.900391
8749.450195
8627.900391
8591.549805
8537.049805
8568.900391
8474.950195
8396.0
8390.950195
8527.599609
8483.700195
8615.799805
8684.450195
8698.950195
8756.200195
8774.349609
8801.75
8757.049805
8757.049805
8698.049805
8618.799805
8416.099609
8400.400391
8478.200195
8405.700195
8330.549805
8215.549805
8274.799805
8224.5
8230.049805
8338.400391
8316.599609
8077.0
8131.5
8243.200195
8326.150391
8181.549805
8232.450195
8240.299805
8284.950195
8356.200195
8392.650391
8434.5
8432.5
8438.150391
8377.099609
8302.75
8345.700195
8327.099609
8417.25
8442.799805
8232.450195
8155.149902
8119.149902
8124.350098
8026.5
8024.149902
8157.299805
7959.850098
7986.600098
8004.200195
8084.200195
8113.700195
8201.150391
8259.299805
8377.450195
8399.400391
8336.25
8393.950195
8247.049805
8316.349609
8376.25
8471.950195
8440.099609
8386.150391
8525.5
8439.200195
8364.849609
8365.700195
8397.25
8470.599609
8463.400391
8546.150391
8623.650391
8623.900391
8601.5
8512.25
8643.950195
8588.150391
8492.099609
8371.099609
8365.599609
8417.0
8456.099609
8510.650391
8564.099609
8547.450195
8585.799805
8580.799805
8577.0
8548.450195
8445.700195
8384.450195
8402.349609
8530.5
8505.849609
8468.049805
8471.049805
8305.400391
8055.950195
7895.399902
7865.25
7921.600098
8053.700195
8009.25
7907.950195
7856.649902
7774.450195
7803.399902
7685.850098
7587.700195
7805.850098
7729.049805
7833.799805
7811.100098
7867.350098
7886.850098
7967.450195
7911.5
8014.799805
7737.350098
7838.399902
7892.799805
7725.700195
7924.25
7992.049805
8005.100098
8180.450195
8146.200195
8196.75
8186.350098
8231.5
8121.950195
8102.399902
8134.350098
8193.650391
8262.549805
8280.299805
8258.349609
8308.25
8333.650391
8230.349609
8188.899902
8175.450195
8123.549805
8054.549805
8086.350098
8104.899902
8030.350098
7956.549805
7788.25
7877.600098
7762.450195
7732.950195
7848.75
7823.149902
7788.5
7841.899902
7869.5
7837.0
7837.149902
7910.600098
7936.25
7958.149902
7976.700195
7902.299805
7817.600098
7816.549805
7738.5
7695.5
7643.299805
7699.600098
7558.200195
7659.149902
7725.25
7783.049805
7828.899902
7745.649902
7829.399902
7830.450195
7888.75
7863.200195
7929.200195
7938.600098
7897.799805
7924.549805
7924.549805
7828.399902
7788.049805
7673.350098
7611.649902
7527.450195
7587.200195
7557.899902
7467.399902
7561.649902
7420.350098
7381.799805
7357.0
7376.649902
7355.700195
7468.75
7469.600098
7426.5
7413.350098
7589.5
7566.649902
7392.450195
7411.450195
7418.25
7489.700195
7303.950195
7264.299805
7203.600098
7023.649902
7057.350098
7201.25
7058.850098
7177.399902
7170.549805
7208.850098
7240.299805
7075.0
7029.850098
7039.299805
7050.450195
7038.25
7321.700195
7429.549805
7505.399902
7486.399902
7436.100098
7545.350098
7484.850098
7542.600098
7535.850098
7457.049805
7557.399902
7534.649902
7619.200195
7695.549805
7717.450195
7741.0
7606.549805
7651.100098
7727.649902
7718.049805
7733.149902
7736.299805
7636.049805
7630.399902
7542.350098
7577.799805
7669.25
7777.149902
7908.149902
7950.049805
7953.649902
7891.799805
7894.799805
7828.149902
7942.0
7967.399902
7844.25
7822.700195
7824.799805
7724.149902
7731.0
7717.649902
7755.25
7873.549805
7804.649902
7871.450195
7881.0
7831.200195
7896.850098
7846.75
7875.5
7792.200195
7813.950195
7738.049805
7811.799805
7974.450195
8081.950195
8166.5
8209.849609
8179.200195
8156.899902
8246.200195
8228.75
8235.549805
8285.5
8273.349609
8180.25
8102.25
8134.399902
8139.399902
8180.649902
8176.649902
8115.75
8255.400391
8213.650391
8201.150391
8029.100098
8039.350098
8096.049805
8173.100098
8260.25
8313.049805
8376.75
8379.299805
8342.0
8350.0
8413.349609
8502.599609
8540.450195
8515.75
8565.450195
8564.049805
8514.299805
8515.450195
8582.700195
8519.650391
8519.950195
8633.75
8599.400391
8636.950195
8668.299805
8654.299805
8647.450195
8635.200195
8599.950195
8600.200195
8712.849609
8727.799805
8686.700195
8572.799805
8670.25
8670.25
8639.799805
8648.849609
8694.299805
8667.0
8628.349609
8648.5
8668.849609
8614.349609
8583.75
8646.75
8754.049805
8793.599609
8796.349609
8852.700195
8968.700195
8915.5
8934.299805
8732.950195
8710.650391
8743.849609
8780.849609
8788.450195
8816.099609
8790.299805
8873.349609
8880.75
8807.900391
8748.900391
8711.200195
8792.700195
8581.5
8666.150391
8770.0
8806.349609
8768.700195
8721.700195
8735.349609
8671.5
8594.0
8612.950195
8556.049805
8697.5
8693.349609
8708.599609
8709.849609
8721.700195
8657.299805
8607.099609
8625.0
8653.150391
8542.799805
8499.849609
8503.599609
8535.75
8540.0
8067.5
8555.599609
8456.650391
8284.849609
8205.650391
8105.100098
8097.549805
8102.100098
7989.149902
8051.200195
8011.799805
8007.950195
8080.649902
8131.549805
8172.149902
8244.0
8153.549805
8088.75
8153.149902
8168.399902
8152.100098
8271.700195
8230.650391
8196.150391
8229.349609
8128.399902
8178.200195
8126.0
8110.600098
8105.850098
8043.850098
7972.5
7965.100098
7915.049805
8047.549805
8030.600098
8119.649902
8210.099609
8196.049805
8202.650391
8226.650391
8281.849609
8259.349609
8262.700195
8327.799805
8391.049805
8457.650391
8390.950195
8415.049805
8403.849609
8418.400391
8404.349609
8329.599609
8407.049805
8499.450195
8610.5
8635.549805
8629.450195
8570.349609
8724.75
8735.150391
8785.450195
8805.700195
8774.549805
8795.549805
8812.349609
8819.799805
8819.900391
8778.950195
8739.0
8883.700195
8818.549805
8890.75
8931.599609
8956.400391
8943.700195
8898.950195
8904.400391
8982.849609
8883.5
8915.099609
8977.75
8950.700195
8914.5
8953.700195
9091.650391
9086.849609
9129.650391
9207.799805
9166.950195
9133.950195
9047.200195
9048.75
9104.0
9093.450195
9081.5
9128.700195
9142.599609
9158.900391
9220.599609
9264.400391
9245.799805
9223.700195
9225.599609
9184.549805
9242.5
9202.5
9144.75
9163.0
9112.200195
9108.099609
9179.099609
9135.349609
9273.049805
9336.200195
9359.150391
9340.950195
9339.849609
9344.700195
9360.950195
9374.549805
9311.450195
9337.349609
9339.650391
9448.599609
9436.650391
9433.549805
9461.0
9517.599609
9453.200195
9469.900391
9480.25
9445.049805
9410.900391
9384.049805
9507.75
9560.049805
9590.650391
9636.549805
9603.549805
9657.150391
9656.299805
9704.25
9663.950195
9682.400391
9638.549805
9646.700195
9615.549805
9621.549805
9617.900391
9595.450195
9626.400391
9670.5
9648.099609
9642.650391
9643.25
9594.049805
9520.200195
9522.950195
9478.5
9587.950195
9645.900391
9619.75
9653.599609
9670.349609
9719.299805
9797.450195
9807.299805
9855.799805
9913.299805
9908.150391
9832.700195
9855.950195
9920.200195
9899.599609
9936.799805
10010.549805
9983.650391
10063.25
9996.549805
10034.700195
10101.049805
10136.299805
10081.150391
10008.599609
10074.799805
10068.349609
9961.150391
9872.849609
9712.150391
9755.75
9825.849609
9945.549805
9865.950195
9864.25
9815.75
9803.049805
9881.200195
9907.150391
9886.400391
9859.5
9905.700195
9937.650391
9984.150391
9933.25
9899.25
9945.849609
9958.650391
9971.75
10056.849609
10099.25
10107.400391
10062.349609
10133.099609
10175.599609
10160.950195
10139.599609
10094.349609
9960.099609
9875.25
9920.599609
9736.400391
9814.299805
9893.299805
9884.349609
9927.0
9908.150391
9988.200195
10013.700195
10042.599609
10011.200195
10123.700195
10207.400391
10227.650391
10209.400391
10210.349609
10176.650391
10218.549805
10321.150391
10291.799805
10362.299805
10353.849609
10364.900391
10390.349609
10440.5
10461.549805
10431.75
10477.150391
10361.950195
10358.650391
10304.349609
10322.0
10223.400391
10171.950195
10152.900391
10324.549805
10287.200195
10329.25
10350.799805
10358.450195
10366.799805
10361.049805
10387.900391
10376.650391
10332.700195
10263.700195
10175.049805
10118.25
10088.799805
10063.450195
10198.450195
10310.5
10324.900391
10236.599609
10229.299805
10345.650391
10263.099609
10414.799805
10494.400391
10473.950195
10457.299805
10512.299805
10531.049805
10498.200195
10492.349609
10477.549805
10477.549805
10482.650391
10469.400391
10534.25
10591.700195
10645.099609
10652.049805
10637.049805
10682.549805
10718.5
10761.5
10702.450195
10873.400391
10829.200195
10883.200195
10997.400391
11069.349609
11095.599609
11079.349609
11120.849609
11018.799805
11044.549805
10938.200195
10604.299805
10295.150391
10607.200195
10518.5
10416.5
10518.200195
10585.75
10537.900391
10596.200195
10488.900391
10391.0
10426.0
10354.349609
10408.099609
10526.549805
10615.200195
10488.950195
10479.950195
10428.299805
10420.5
10232.950195
10216.25
10271.299805
10301.599609
10389.5
10393.049805
10405.450195
10345.150391
10215.349609
10051.549805
10181.950195
10167.5
9968.799805
9989.150391
10188.0
10143.599609
10151.650391
10186.849609
10274.599609
10228.450195
10322.75
10333.700195
10412.900391
10428.150391
10410.650391
10495.299805
10398.299805
10557.299805
10578.900391
10563.650391
10560.349609
10592.799805
10578.099609
10612.400391
10586.5
10651.650391
10705.75
10783.849609
10720.150391
10700.450195
10653.150391
10757.900391
10693.349609
10779.650391
10741.950195
10815.150391
10812.599609
10751.950195
10775.599609
10671.849609
10616.700195
10518.450195
10521.099609
10464.849609
10533.049805
10648.349609
10689.400391
10579.0
10670.099609
10738.450195
10765.950195
10630.700195
10603.450195
10722.599609
10736.400391
10781.849609
10816.150391
10887.5
10832.900391
10808.650391
10830.200195
10789.450195
10734.650391
10808.450195
10742.700195
10822.900391
10742.700195
10785.5
10660.799805
10612.849609
10732.349609
10668.599609
10715.0
10786.049805
10744.150391
10838.299805
10902.75
10956.400391
11006.950195
11056.900391
11018.950195
10939.650391
11060.200195
10999.5
10963.5
11019.849609
11109.0
11148.400391
11132.950195
11232.75
11296.650391
11311.049805
11359.799805
11328.900391
11297.799805
11401.5
11423.150391
11412.5
11493.25
11474.950195
11369.599609
11381.700195
11397.150391
11437.150391
11502.099609
11576.200195
11620.700195
11566.599609
11605.849609
11731.950195
11744.950195
11694.75
11675.849609
11751.799805
11598.75
11514.849609
11514.150391
11558.25
11570.25
11476.849609
11340.099609
11443.5
11464.950195
11381.549805
11326.650391
11271.299805
11164.400391
10969.950195
11145.549805
11079.799805
11008.099609
10930.900391
10982.700195
10754.700195
10514.099609
10310.150391
10390.299805
10331.849609
10169.799805
10331.549805
10524.200195
10550.150391
10688.700195
10339.700195
10405.849609
10152.599609
10278.150391
10135.049805
10122.349609
10078.099609
10239.400391
10209.549805
10441.700195
10462.299805
10558.75
10552.0
10614.450195
10614.700195
10607.799805
10451.900391
10634.900391
10580.599609
10644.0
10731.25
10740.099609
10670.950195
10612.650391
10568.299805
10621.450195
10708.75
10808.700195
10892.099609
10930.700195
10877.099609
10820.450195
10718.150391
10644.799805
10508.700195
10350.049805
10591.0
10810.75
10784.5
10853.200195
10850.900391
10930.549805
10885.200195
10944.25
10780.900391
10635.450195
10817.900391
10820.950195
10913.200195
10868.849609
10868.849609
10796.799805
10699.700195
10804.849609
10786.25
10862.400391
10859.349609
10834.75
10807.0
10777.549805
10899.650391
10920.849609
10914.849609
10919.349609
10949.799805
10931.049805
10844.049805
10859.75
10792.450195
10653.700195
10702.25
10690.549805
10851.349609
10876.75
10908.650391
10965.099609
11070.450195
11023.5
10930.900391
10879.700195
10786.099609
10780.25
10738.650391
10636.700195
10655.450195
10744.099609
10782.700195
10813.25
10775.299805
10881.200195
10865.700195
10842.650391
10864.849609
11024.849609
11077.950195
11038.849609
11068.75
11231.349609
11326.200195
11382.5
11376.849609
11473.849609
11500.299805
11553.349609
11549.200195
11395.650391
11375.200195
11531.450195
11463.650391
11665.200195
11711.549805
11735.299805
11660.200195
11638.400391
11704.349609
11612.049805
11646.849609
11592.549805
11612.849609
11667.0
11736.200195
11856.150391
11727.049805
11612.950195
11601.5
11735.700195
11683.75
11748.75
11725.549805
11722.599609
11605.799805
11651.5
11478.700195
11322.400391
11314.150391
11258.700195
11151.650391
11271.700195
11180.349609
11261.900391
11651.900391
11863.650391
11727.950195
11901.299805
11748.0
11855.5
11958.349609
11905.799805
11865.299805
11999.799805
11953.75
12052.650391
12039.799805
11865.200195
11934.900391
11959.849609
11962.450195
11873.900391
11910.099609
11844.0
11677.049805
11744.450195
11653.650391
11827.599609
11725.799805
11681.0
11768.150391
11860.849609
11861.150391
11839.900391
11890.299805
11932.150391
11928.799805
11964.75
11770.400391
11531.599609
11536.150391
11561.450195
11601.150391
11614.75
11596.650391
11670.75
11675.599609
11627.950195
11392.849609
11372.25
11322.450195
11290.400391
11247.450195
11307.5
11213.700195
11034.049805
11060.200195
10930.299805
10895.799805
10815.400391
10958.099609
10899.200195
11087.900391
11139.400391
11003.25
11043.650391
11094.799805
11063.900391
11018.150391
10905.299805
10699.599609
11000.299805
11106.549805
11101.299805
10996.049805
10987.799805
10960.950195
10790.400391
10860.950195
10883.799805
10936.700195
11028.5
11058.299805
10986.799805
10994.849609
11000.099609
10872.799805
10845.200195
10746.799805
11542.700195
11590.700195
11564.849609
11469.849609
11556.349609
11491.150391
11515.400391
11322.25
11388.450195
11196.200195
11152.950195
11280.5
11257.700195
11335.900391
11360.849609
11464.950195
11466.299805
11580.299805
11657.150391
11596.200195
11661.650391
11646.150391
11643.950195
11643.950195
11883.900391
11890.450195
11886.599609
11928.900391
11974.599609
11911.5
12021.099609
11987.150391
11879.200195
11908.299805
11858.75
11904.200195
11915.150391
11919.450195
12004.75
12025.650391
11967.299805
11922.450195
12110.200195
12068.5
12132.099609
12146.200195
12137.049805
12067.650391
11969.950195
12071.25
12047.349609
11939.099609
11950.5
11867.349609
11944.299805
12026.400391
12131.349609
12082.450195
12197.0
12223.400391
12266.450195
12235.450195
12269.25
12211.849609
12172.900391
12274.900391
12247.099609
12202.150391
12198.549805
12261.099609
12170.599609
12079.099609
11939.099609
12153.150391
12271.0
12296.700195
12333.099609
12349.400391
12347.099609
12328.400391
12430.5
12195.299805
12218.349609
12123.75
12174.549805
12197.099609
12148.099609
12114.900391
12147.75
12100.400391
11627.450195
11786.25
12005.849609
12120.0
12151.150391
12102.349609
12108.400391
12151.0
12219.549805
12190.150391
12131.799805
12028.25
12090.599609
12119.0
12012.549805
11877.5
11738.549805
11661.25
11382.0
11387.349609
11217.549805
11351.349609
11306.049805
10942.650391
10742.049805
10334.299805
10039.950195
9107.599609
9587.799805
9285.400391
9088.450195
8063.299805
8284.450195
7945.700195
7848.299805
7735.149902
8451.0
8949.099609
8385.950195
8529.349609
8584.099609
8356.549805
8446.299805
8688.900391
8973.049805
9103.950195
9196.400391
8851.25
9323.450195
9390.200195
9016.950195
9026.75
9232.349609
9163.900391
9259.700195
9389.799805
9408.599609
9753.5
9533.5
9429.400391
9226.799805
9234.049805
9376.950195
9348.150391
9168.849609
9584.200195
9213.950195
9182.400391
9158.299805
8961.700195
8889.150391
9079.450195
9067.900391
9099.75
9082.200195
9364.950195
9422.200195
9726.849609
9880.849609
10108.299805
10054.25
10093.799805
10326.75
10181.150391
10072.599609
10094.099609
9544.950195
9919.349609
10014.799805
9876.700195
9863.25
10119.0
10318.75
10347.950195
10529.25
10235.549805
10378.900391
10311.950195
10382.599609
10323.799805
10493.049805
10614.950195
10723.849609
10802.849609
10818.650391
10755.549805
10764.099609
10851.849609
10750.849609
10701.0
10706.200195
10752.0
10999.450195
11126.099609
11231.200195
11135.0
11149.950195
11225.0
11154.099609
11276.900391
11254.299805
11139.5
11057.549805
10946.650391
11155.75
11185.700195
11186.650391
11270.25
11322.25
11289.0
11334.849609
11353.299805
11248.900391
11259.799805
11452.150391
11317.450195
11409.650391
11412.0
11513.099609
11512.849609
11609.299805
11602.950195
11777.549805
11464.299805
11478.549805
11566.200195
11354.400391
11359.599609
11378.549805
11218.599609
11363.299805
11447.799805
11540.150391
11487.200195
11538.450195
11539.400391
11584.099609
11503.799805
11301.75
11258.75
11011.0
10910.400391
11140.849609
11288.599609
11244.450195
11364.450195
11487.799805
11603.450195
11679.25
11835.400391
11852.049805
11973.549805
11934.650391
11917.400391
12023.450195
11727.400391
11879.200195
11861.0
11958.549805
11890.0
11957.900391
11937.400391
11807.099609
11922.599609
11633.299805
11678.450195
11697.349609
11734.450195
11783.349609
12062.400391
12156.650391
12399.400391
12556.400391
12680.599609
12702.150391
12659.700195
12932.5
12932.5
12860.099609
12839.5
12813.400391
12960.299805
13002.599609
13130.0
12906.450195
13012.049805
13062.200195
13121.400391
13215.299805
13177.400391
13264.849609
13393.849609
13458.099609
13488.5
13512.299805
13571.450195
13547.200195
13663.099609
13713.549805
13764.400391
13741.900391
13373.650391
13473.5
13672.150391
13815.150391
13910.349609
13980.900391
13970.0
14104.349609
14104.349609
14075.150391
14240.950195
14253.75
14258.400391
14474.049805
14473.799805
14639.799805
14550.049805
14594.349609
14453.299805
14371.650391
14538.299805
14730.950195
14583.400391
14477.799805
14237.950195
13810.400391
13946.599609
13758.599609
14481.099609
14754.900391
14789.049805
14952.599609
15064.299805
15164.150391
15119.049805
15073.25
15186.200195
15270.299805
15371.450195
15279.900391
15238.700195
15074.799805
14999.049805
14782.25
14729.150391
15079.849609
14888.599609
14702.5
14865.299805
15064.400391
15026.75
14977.950195
15002.450195
15049.900391
15202.150391
15321.150391
15048.400391
14996.099609
14946.549805
14855.5
14471.150391
14736.299805
14768.549805
14712.450195
14570.900391
14506.299805
