1.1750255839912175e-20
-0.9840890769782089
0.25268110026740165
-0.059672761598614565
-0.7473462088014563
0.2966091969079731
-1.759144349298062
-0.2002436669809209
-0.8807203837144716
-0.31019751799705586
-0.5594350999140809
-0.7321219118091291
-0.13959727092342256
-1.975617965653413
-1.4934789147772698
0.08277801550019455
-0.10019017684250343
0.1201488581668722
-0.6143533624917276
-0.726707395762176
-0.8172630201430949
1.1300539434385874
-0.4707529687576935
-0.8744753513243545
0.1790325590791658
0.2134164448617444
0.13562560441457083
-0.12773071415151308
0.36875352317011834
-0.017339571965248192
-0.8242723701854203
-0.7774211486297992
-0.7915936972773867
-0.635208097593472
0.056790146173812193
-0.7066573119242542
-0.08188165315345222
-0.7455965499359668
-0.6492571518043901
-0.9450494429661295
-0.4631445750491721
-0.5139308705250386
-0.4415122220433277
-0.561068392247186
-0.032346761539012
-0.16316979325467496
-0.7945830547283658
-0.45083426026396584
-0.09492767164145063
-1.016564842418583
-0.8092340124975484
-0.27556847453543776
-0.2399249682481459
0.4652677171679239
-1.1368858395512529
-1.5940444130595064
-2.7343477956103865
-3.056424371506678
-3.946789959094624
-3.6133288034911972
-3.93672797664241
-3.457585720723608
-3.754906430677435
-3.115964297483713
-4.0492565107227945
-2.5312426110541058
-2.1123866330171994
-3.1092066228826956
-4.08758432118641
-4.3403952725839074
-4.310522756892016
-4.540769355257076
-5.036623540639699
-5.213331421567209
-5.457032127416412
-5.538763830521486
-5.793130282008064
-6.776175156027618
-6.748036060434319
-7.1108716948065
-8.503647674403256
-7.625250523539656
-7.758599321155087
-7.652723259372036
-7.8330090100372445
-7.8534377950461485
-8.24273223670627
-7.774058373636327
-8.428026140618968
-8.061034638515828
-8.119273156548907
-7.9138930497902376
-7.771515696683908
-8.673938403339722
-8.566305194154149
-7.806761595408578
-7.942439517907044
-8.031889455031079
-7.915969477284269
-8.111767532156453
-7.906534166746368
-8.00449816123068
-7.45913221191044
-8.297765963244155
-8.109696311740791
-8.848363905236189
-8.329818261125043
-8.450143084992835
-8.342503003404813
-8.46978720659983
-8.94857225556423
-7.873250057537467
-8.651629252871116
-8.523566166093447
-7.999735527435383
-9.224847068727039
-7.554200632653176
-7.395256845953473
-7.707007444753702
-7.872620476079391
-7.985629190166198
-7.8648905684449435
-7.0709526290805575
-7.460989865277147
-7.149115143202057
-7.855537994288511
-8.121008565504074
-7.5702899641510495
-8.91739674926867
-8.843029235652583
-8.004213067318874
-8.604987587998423
-8.247621659599572
-7.796334547706243
-8.249435963487507
-8.286421959226804
-7.4343786354558965
-6.662167460459812
-7.312172937170343
-7.979712428943225
-8.351776497834823
-8.531811836416356
-7.985656500453693
-7.311105023880259
-7.748208971676348
-7.470265818650906
-7.661518464992516
-8.040528223957379
-7.651008884989112
-8.139631797954781
-7.448190477975503
-6.722517277728711
-7.1395031055981955
-6.865158661654538
-6.844636921648897
-7.427594567725341
-7.406581494886356
-7.604892184171717
-7.207965842111916
-7.314075970392221
-7.280437907359001
-6.525175399232126
-6.300952305731716
-5.964178409192138
-5.83554208700353
-4.820489646841717
-5.9779328003621215
-5.4894646338986295
-5.483467765815613
-5.473901176711216
-5.887164513646241
-6.693320420450521
-7.5085344161047844
-6.668072155660912
-6.169693781648755
-6.669845852523118
-6.902287007595533
-7.134736228795381
-6.453384390079854
-6.483678996743108
-6.516785191066765
-6.951431179377314
-7.204700446285136
-6.729406983627723
-6.607123496216062
-6.125129260689491
-6.149990852505236
-6.167449869790903
-5.7193430374801615
-6.961011472392124
-7.254930442159341
-6.5637697950542835
-6.573229008362533
-6.27288029778694
-6.3533207953364546
-5.37710389529853
-4.990720900816552
-4.585788321315882
-4.71134242876451
-5.651903001912424
-5.2974673988113
-5.463783451424768
-5.969628507483208
-5.891796338755423
-5.549274096196488
-6.4599963690221625
-5.880099058210299
-6.4600384696475
-6.773688714575915
-7.271895326534437
-7.206117871634847
-6.215569982857829
-7.39683510719849
-6.721603889594179
-7.760101993777973
-7.647510721670003
-7.326241576372822
-7.03787030446628
-7.3913639038137475
-7.520096530909625
-6.813461139276192
-6.774260879443145
-6.916906138597588
-6.127281384576697
-6.7187961838043515
-6.962931165732254
-6.274369516281339
-6.634315562057087
-6.481798972483148
-5.907894817733264
-6.31359589960571
-6.411016203586145
-5.699125425337489
-5.491843719319958
-5.958077315271283
-5.567561940678157
-5.583517889251705
-5.350321567193201
-5.419807091739966
-5.6682627117433
-5.645805106112486
-5.843470454169463
-3.7697412075743344
-5.635439463242348
-6.60905879529215
-5.74574963937017
-5.537806216027587
-5.749657385762665
-5.778374333673625
-6.669080677673634
-6.327930214402768
-7.150911760663998
-5.559267011568833
-6.591721373490698
-6.391477426475924
-6.4996433151718405
-6.805921849448413
-6.496631484966255
-6.680248557350181
-6.3276734562707775
-6.659624172026949
-5.72818715471355
-5.618351261489423
-5.442071471613594
-5.438410387610095
-5.093022246433538
-4.998675986047972
-5.07098049706455
-4.317177052120441
-4.003986069626424
-4.371133519238993
-3.888297776537957
-4.807872732638915
-5.65775267455936
-4.84555426347294
-4.995614224003881
-4.302727227859349
-5.601964050939622
-6.035640154959933
-6.029012030636204
-6.091770254634181
-6.030188531475277
-5.5094071098363555
-5.927415355083391
-6.269041075417563
-6.2368392749144705
-6.245143882344068
-6.574098306854712
-7.501833572231066
-6.855842382887048
-6.908785731184601
-7.185134407805039
-6.521034857484468
-7.069194930051217
-7.258412235977092
-7.6247006898201
-7.9964097845426245
-7.525856198929611
-7.503459620837007
-7.201499088040783
-6.391069227809563
-6.418870768972555
-6.813969105819912
-7.051321114257495
-7.649813921692792
-7.9025963321208845
-7.585225791951234
-8.007204790081689
-7.941805394197748
-7.31945581168604
-7.715352621075113
-8.762997540204587
-7.666297448732605
-8.230647984393226
-6.936039765047879
-7.756221796298326
-7.583717288632202
-7.266827671026638
-7.632188360132359
-7.803615370501809
-7.943753474621513
-7.994551390170865
-7.6191193251398275
-7.797371413546803
-8.015896905346947
-8.173739630288358
-5.936866228412873
-5.610555838153906
-6.83396899767558
-7.41429431658413
-6.536172420335061
-7.597765491833473
-7.224628739161564
-7.2579822265095615
-5.603432367586528
-5.659956307910082
-5.71963170748749
-5.9547867852815894
-4.659359818243185
-4.994007562818298
-6.130579790314471
-5.550651311538374
-5.86279329085701
-6.8204721057319935
-6.640150268373176
-5.475669391570828
-6.316873670783135
-7.516258866712556
-6.200372320679781
-7.123070709967754
-6.401294272847291
-6.3680244546604605
-5.065380351151101
-6.895894770566949
-5.77613300803946
-5.439343627999757
-5.14438114511728
-5.337233078705809
-4.520993537045145
-5.385069065628178
-5.186700345683558
-4.355034843241894
-5.184480574196002
-4.665834080444557
-5.522614723449057
-6.014049309558247
-7.071173075429477
-5.771251130423362
-6.268889922121073
-6.728229582582843
-4.253903521853561
-6.632486950512953
-6.141233408316685
-6.017644362332453
-4.810516309421849
-4.887158798663828
-5.60728439064149
-4.9674374213110735
-5.019245163997641
-6.1947386375966405
-6.225381468932111
-4.252385500340734
-4.765554740623619
-4.836598247942552
-3.438038819715958
-4.2231712646340736
-3.834220406400473
-3.7042559330226648
-3.548764104258364
-3.4079061067399388
-4.333616649418757
-4.501856011366006
-2.5081562884050466
-3.3702078992729207
-3.9493563657517794
-3.2704342486462172
-3.2231507355639892
-4.401390484664858
-3.9011142977074984
-4.014419008856701
-1.8419298832920454
-3.5129545292145616
-2.715284139245125
-3.123066545367642
-2.623849194349394
-2.8598778246020933
-3.49222194565162
-3.380643158993751
-3.758755428022816
-3.930814765708641
-3.9771833920942976
-4.1218146383504966
-4.490360778968018
-3.4675310883489785
-4.32115571725101
-4.269554962600534
-4.431410986433057
-5.118504312197578
-5.1136513897274956
-5.033859655889139
-4.958160547386914
-4.083966484814128
-5.028571648085672
-5.1278430336553305
-5.428871337659412
-5.179499178506129
-6.395368911393622
-5.354475284537177
-5.769028209018769
-4.212093494833868
-4.949492688038125
-5.177466522685336
-5.539658899140532
-3.799850029055906
-4.145617328968322
-4.625137345668022
-4.654270363873516
-4.406499552601672
-5.437235680386505
-4.456303468385123
-4.231708443171427
-4.615193876485047
-4.445112312258198
-4.685203072016596
-3.2881621182749323
-4.21681312587164
-4.7423796555728615
-3.6456147719850196
-4.3569777074975455
-3.824547201442791
-4.954079403174448
-3.609445493419528
-4.011695424185615
-3.6973916752154223
-4.273647564248766
-3.468836200188324
-4.2196930960609915
-4.3562680174685315
-4.51125430813617
-4.409570455645529
-4.39154374354544
-5.113570636323465
-3.428254828908789
-4.639551444939118
-4.502086946305293
-4.35378518387318
-3.4720651190709666
-4.462549354049008
-3.785262520677608
-4.432762092294403
-4.03725214973514
-3.9083965336983564
-3.508979161358384
-3.460198846454379
-4.039042037431093
-3.1976653866110074
-3.63990383636506
-3.5780837440989366
-3.3118741573423884
-2.9736814254125457
-2.7096028346966525
-2.3042854401459034
-2.2174305773189746
-2.7328356361834123
-2.2789382338462705
-2.916678226487542
-2.4542404922848444
-3.23404850646886
-3.7846390092191817
-4.111844933057611
-4.4086004631605205
-4.450050355657867
-4.161396353633605
-4.213260330262986
-4.321288688103353
-4.260223989075902
-4.460313388031768
-4.519308306457364
-4.1604268878865724
-4.690952021490093
-3.9043494443882953
-3.774116110700766
-3.2141789645547014
-4.464121792674681
-4.239904527746721
-5.038872025051836
-4.388918928692514
-5.0865015874074935
-6.495811769282772
-6.467334139561656
-6.858316147956387
-6.963134132274498
-6.710431664444921
-6.609147041878496
-6.280693608234399
-6.278890899094566
-6.558023058580766
-6.634379362491761
-6.092386321693869
-6.3109977121233785
-5.452392901657077
-5.580117044658432
-5.574193540037041
-5.550897664926493
-6.40321118741725
-6.003191943346621
-5.681186475923426
-5.67829848024789
-5.756718970455283
-6.387058572833103
-5.921830235631271
-5.939999568815005
-5.875723617238203
-5.689521009519347
-5.96776327606882
-5.2030552484479795
-4.848599813948188
-4.924591930194434
-5.4002434735084295
-4.550969026168043
-4.37132260514847
-4.248290005957484
-4.818821017413844
-4.149357573630807
-3.648397542555541
-2.7693362279479494
-2.467536873022566
-2.5609931246596314
-3.5747108318017604
-2.9436852453577895
-2.804394827748596
-2.663714034332261
-2.459487780662005
-1.6224006570793874
-1.7428989243997823
-1.5812445895547822
-0.9858454945392573
-1.7899246951637449
-1.6644123722579716
-0.9179213088469906
-1.4630653511431606
-0.3829208890859741
-1.4882869147760969
-0.6326613681688489
-1.4052521375739986
-1.0342202078667118
-0.6830744332984192
-1.3925482206205237
-1.2801569079207153
-0.8754267242765148
-0.176287462982702
-0.1693806021595199
-0.6013134601406629
-0.6279026055185666
-0.6706548349339762
-0.6071648963863917
0.12707531927866586
-0.14777335981851258
0.42293428460380755
0.12203515548845878
0.032137573699106414
-0.19726703483593058
-0.5144362250967052
0.877583970355129
0.31135122043475777
0.476966254404421
0.5237041637686716
0.6886748895196791
0.4189354149098134
0.6372750705038527
0.623830137566606
0.025429198921389867
0.8607401951472435
0.6997451372655117
0.9802185628673673
0.5566688840382887
0.3781615772890349
0.9485068083011302
0.8764165635717686
2.284552006260282
1.6249072233454018
2.0379569866121114
2.4444266845680453
2.30930411974826
2.320250096904011
2.0501489623068574
2.6996254811588942
3.2535921446693283
2.4495241881623495
2.4419938008876265
1.4471638964974078
2.2230909548108326
0.5822986301473838
1.7086754411785638
1.6300965356785257
1.7463347850125035
0.7792505195195444
0.5677157269858825
0.13669785742272034
-0.49178924705404914
-0.7858071887640776
-0.7831747627925484
-1.8661037447865652
-1.4281911760974422
-2.2316185417957093
-2.7971288262955585
-2.425243481331511
-2.581713602501554
-3.053126525946863
-3.7597577021118203
-3.55665028259408
-3.5951889003963116
-3.642786378998987
-4.429321354914785
-5.261749068795149
-5.815960883097974
-5.890569337432891
-6.384433700707281
-6.871168134860805
-7.220561695753692
-7.469404489718727
-6.826102732036138
-7.289509085686656
-7.139159674566568
-7.814073421905993
-7.388657141662097
-7.283060479124278
-7.9353039495522655
-7.542379735065452
-7.94805833328719
-7.648353816909458
-7.485731533373172
-8.067052089791595
-8.980326939028428
-8.915829040743837
-8.713311458618398
-8.666745743091592
-8.370974045161057
-8.474771218953222
-8.357520599419987
-8.815975237609292
-8.555619272083096
-8.735541708191716
-8.776336265952713
-8.436241193011123
-8.619630161380893
-8.113783625247589
-8.779013305110272
-8.287060281889293
-8.646814183525548
-8.556728744187419
-8.419901836681692
-8.174434647613376
-8.361052362190273
-8.46692303606783
-8.703030077332162
-8.496257146416577
-8.095956929800916
-8.339592652420748
-8.414889411827366
-8.819969335077493
-7.950142764730904
-8.13548700589792
-7.780928583559967
-7.908822660640797
-8.316190713121319
-7.965959311696521
-8.084979776816175
-8.48328011445776
-8.414030053030467
-8.452428909792125
-7.990521215264716
-7.8632523905880705
-7.806200719911964
-8.017616020547067
-7.9014590644127365
-8.008843255907593
-8.09626198627793
-7.979150214350311
-8.293782137177987
-8.501548886327702
-7.66668605583725
-7.697135439889449
-7.815348283800055
-7.746053499787158
-7.539482623010803
-7.594982415658117
-7.57755542219015
-7.615729619454961
-7.477379324325583
-7.418029248354837
-7.194286897047342
-7.101121193354863
-7.24577088182576
-6.67462027178144
-6.8907894181301526
-7.308672181377176
-7.356815135513605
-7.856821413454953
-7.887421757698099
-7.740715328781275
-8.131855307276442
-7.732006282930303
-7.573631817603849
-7.676569653032658
-7.55136024286221
-7.698806671693186
-8.101356672668286
-7.612240732261884
-7.613586136841927
-8.089288732936385
-7.42634794635495
-9.07820439216951
-8.517458777541307
-8.306992509661146
-8.133007146236865
-8.283844946519698
-8.412272570558546
-8.396916659201038
-8.889553277081474
-8.385250357493788
-8.518376072341802
-8.520973678498198
-8.517424246808229
-8.486731330370096
-7.68842712117523
-7.71957212317006
-7.989321204958903
-6.891569997427572
-6.709442111387032
-8.050007150457917
-6.999987877412725
-6.697972134529046
-5.249595489588047
-6.437372761713395
-6.3946461449940815
-6.457497633810332
-6.378817245379201
-6.673970091177422
-6.817352618131527
-6.873260188536104
-6.788725819291269
-7.437005109876005
-7.825009492895706
-7.362167836277453
-7.024274011401909
-7.19890315035244
-6.597517507499561
-5.552978535634333
-6.509100576930874
-6.151630372005459
-7.11982538014088
-7.004016300297721
-6.876916756026562
-7.304918773770194
-7.678391317502676
-7.55775729173222
-8.442549071413225
-8.64374717117723
-8.183450825858134
-8.424853525755122
-8.310648474428264
-7.856321472374914
-8.084397928676028
-8.636764148261198
-7.98043229736264
-8.508177961396884
-8.187033975576623
-7.675172418041882
-7.812043858094578
-8.480005680713761
-7.995375085569689
-7.891897824078264
-7.991461358622127
-7.874187352020574
-7.235066587161497
-6.562544980900105
-6.832948004960607
-7.013456651138593
-6.568719469612979
-6.326600962245724
-5.970794074888663
-5.612162559803809
-6.805289659881688
-6.714182656414093
-7.218133802786936
-6.211652782427766
-6.758571471116562
-6.801958829772358
-7.5497518446035
-6.834101444276019
-6.2570108533018445
-7.050222716004679
-7.3629639077184486
-8.077502591371854
-8.201016521520046
-7.4687069509880475
-7.6268441850007775
-7.698007753342213
-7.0438461300328585
-7.096977800378758
-7.148125043141014
-5.832308933360791
-6.487545350954899
-6.532522124700052
-6.005207048706021
-6.094081144936822
-5.964590800684249
-6.13028850038533
-6.418934573998822
-7.066953109840327
-6.0470225396474
-7.232319844037183
-7.388423507942832
-7.325397796308699
-7.566890308403125
-7.38725440622126
-7.4897612948215775
-7.047883017788595
-6.838237489157452
-7.42006358269682
-7.057871291236629
-7.142283915339277
-7.648913309258493
-8.200993419307448
-8.314190748129338
-7.840095230788326
-6.662026188236023
-7.000750091046324
-6.345743617335828
-5.253107792671656
-6.4591444205888795
-6.346578892197703
-6.472377750596369
-5.589995538274516
-5.50646810103681
-5.893301175108252
-6.983097181086572
-5.910500770355143
-6.780292934732705
-6.948301786467069
-7.647517723883935
-7.948014060935979
-7.522537995684496
-7.928486303303039
-7.607840131721125
-8.027503829478643
-8.258684550637891
-7.772519242648972
-8.217890645248577
-7.947850245180148
-8.094275851883772
-7.055387975332063
-8.638016595944617
-7.917959476503632
-8.049440432420251
-8.066696411390202
-7.860658008153698
-8.794057034526139
-7.760079106946371
-7.973038053778969
-7.921196676211003
-8.04369814374321
-7.959436180962325
-7.822164096429632
-7.2280267011463835
-7.897393933505014
-7.909391381849094
-7.32516980737207
-6.940943064065508
-7.97145740147256
-7.619459439131232
-7.853665327594417
-7.4707090657600865
-6.956967063128577
-6.452053531119658
-7.139996150363736
-6.613515872497429
-6.116973802475025
-6.390592948652123
-5.6510684555235144
-4.767839528599794
-4.6989778481772255
-3.476691041319496
-4.8311631945391325
-5.349227664614311
-5.574419523430801
-5.415845874362912
-4.925776678472142
-4.977886726924738
-5.737382216771282
-6.0463052754753726
-5.3869446442868245
-6.106513139266757
-6.332316503493936
-6.509792740325629
-5.691464294395297
-5.89253720372784
-5.385202439464811
-4.677353949512936
-4.972094339645638
-4.246187599869288
-5.280841508151281
-4.855443980956626
-4.9077291563968855
-5.770090179327732
-5.916850911449213
-5.7435383706060135
-5.626509977358841
-5.701357560489783
-5.451391751854596
-4.15515094187642
-4.980649762404304
-5.009502011085088
-4.809437214645693
-4.6910609678333435
-4.480096136680997
-3.874691707249913
-3.8023779821474317
-3.4683315606165137
-3.2714368178141693
-2.994241168853386
-3.842647654869065
-3.3933981900380736
-3.368364499784892
-2.895471669216301
-2.6483750208293704
-2.7975850216048235
-2.166454774784475
-2.5766381849336693
-2.821889553106172
-2.5085345924687594
-1.5289322712151063
-2.0790146371697724
-2.2490818699986037
-2.3487865094937894
-1.5870105672360468
-2.580500738651469
-2.5405088476290745
-2.281913937499618
-2.4254381297073087
-1.8671837125486015
-2.5549500749432
-2.5981406515203926
-2.9668160112582034
-2.9864903601218957
-2.917660454502992
-3.17374302745427
-2.600466242707844
-3.0316888259851518
-3.638654034370449
-3.663771331919335
-3.9033180236773752
-4.327810507283986
-4.527576712698889
-5.081513211321149
-4.521814147178509
-4.614854793084358
-4.40336164466278
-4.375076358474895
-4.288651733282093
-4.44527025646784
-4.4844565715386615
-4.243322632098634
-4.175699601148673
-3.7079180299332077
-3.754374213410812
-3.59948554582506
-3.556811504308045
-3.240531975244233
-2.9899117966767172
-3.6191830410199324
-3.493161713880802
-3.3657589671399233
-2.5074987785081624
-2.687862592705836
-2.8373470689929166
-2.1733496231180682
-2.4184196547043504
-2.6340377122113767
-2.523304630953567
-2.5212327980747147
-2.3061580349043287
-1.9321669758989095
-2.188991223810564
-2.0136330783710936
-1.6045813227896732
-1.781125326211148
-1.8163397810820363
-1.6797134534175535
-1.9435137750020537
-1.3872413036729654
-1.5821405153325538
-1.407919411210204
-1.5661385461228652
-1.4435686798448264
-1.3023201161831712
-1.6239210142587641
-1.2055173471734217
-0.91740774348832
-1.7365829548771983
-1.6716312403362956
-2.4053557390012084
-2.08122295559593
-2.082252917367289
-1.079044155579946
-1.1762298678684504
-0.9048642224468029
-1.0789104794511164
-1.130281415317428
-2.2423304423499584
-1.851596843110074
-2.046489246531809
-2.298654122154074
-3.2255868509127517
-3.0357215511753095
-2.9105255713022107
-3.1150102042078878
-3.1399982401706197
-3.4107386818662455
-4.430823846844708
-4.228716575483842
-4.665356888480952
-4.929958309439451
-4.312943307371388
-4.886892113437263
-4.878583553380638
-5.259569025084101
-6.16035219422213
-6.01893379735343
-6.064946338740167
-6.640824132450896
-7.377688436234341
-6.523740027791786
-6.8452551938938395
-6.969495233592506
-7.050776484583937
-7.566930178955837
-7.610994873141999
-7.56230157763188
-7.372611596317365
-7.6034246600371675
-7.026263071144721
-6.147497681330056
-6.139550412795862
-6.196180673496855
-5.568997210466068
-5.4170179063003
-6.612428343103614
-5.679371945910921
-5.755148840424675
-6.302941306428529
-6.45764090889466
-6.997196342146542
-7.719270072212074
-7.5512290309686705
-7.153494416950971
-7.0172480247004545
-6.658742834455363
-6.099110781946244
-6.167820816018631
-6.893596205198266
-7.374993235853196
-7.292052732666831
-7.102993697723287
-6.933342909444189
-6.782526043475178
-6.372499690121267
-6.1272248279035795
-5.9100617798484185
-6.1122401376981665
-5.896214519211757
-6.1273698379180725
-5.333714659306602
-5.130764771323534
-5.0040661419973755
-4.9587433429334675
-4.500557095382006
-4.285548103213226
-4.275652007385383
-4.1242552543613655
-3.8776469843806898
-3.4665826071193933
-3.717825586580994
-3.458476635071604
-2.862217155873929
-2.39641805922701
-2.770595621798594
-2.447120372766077
-2.2173177878795194
-2.392476283651139
-2.782296633760055
-2.259776509336259
-1.8794153895498928
-2.2381286011413404
-2.113657853327268
-1.7334308705196662
-1.4148761463436668
-1.1025192747928283
-1.1456191685322068
-0.7836682772746206
0.15195902082631751
0.4809161215149376
0.821819431925743
1.7559534534862704
2.1384363781774764
1.9977042141274601
1.7112824727804705
1.4985827056531857
1.113625744165129
0.7392808004208152
0.5573478073149347
-0.28000207499909285
-1.1564597820181697
-1.9254221664373266
-2.131288461373152
-2.6666635071745626
-3.2806614321002776
-3.5159601744165787
-3.8647394544769957
-4.337731254396114
-5.0296756469878146
-5.5599101907996715
-6.135280392336789
-6.159212270314915
-5.8882959410416245
-5.8041602649693695
-5.740098768083657
-5.601665260273896
-4.938827204060115
-5.009014093202326
-5.305521686205481
-5.730888794081439
-6.225813073933831
-6.705910532346141
-6.923412714674388
-6.991290793591661
-7.064091169876851
-7.029930369562773
-6.815813234526517
-6.612242953794095
-6.6053567276750345
-7.0313102916136545
-7.181124838350481
-6.928775066771614
-6.8433750218653655
-6.774241579095907
-6.923247748415083
-7.066191056808226
-6.749305236775863
-6.616195965469544
-6.938236643495396
-7.168270154195264
-7.097261065932964
-7.154718910242031
-7.394332657395374
-7.402273538878219
-7.213899095901654
-6.748356552357591
-6.509970042727969
-6.484115743592529
-6.111725786609746
-6.382963610589954
-6.52180831656989
-6.206645620474434
-5.32038004916628
-5.301097015025325
-5.769013281840096
-6.370373180645632
-6.484315150833317
-6.494208406564403
-6.250040330387307
-6.766169327808976
-7.172697947473555
-6.6246772681164225
-6.024435624941053
-6.388805370435512
-7.0513870651662
-7.020758915340869
-6.904327242531497
-6.738285930635104
-6.666018659925273
-6.720106659794418
-6.1740689823130195
-5.357311919391928
-5.185995096309053
-5.555972528661597
-5.9260722022518175
-6.266313962367664
-6.425859993409552
-6.400578595250237
-6.3964605089357445
-6.740989639837408
-6.952778882958615
-6.928366579235462
-7.086918472527979
-7.3511345341264445
-7.533665977735828
-7.621285093089113
-7.7784292567935704
-7.81073881159365
-7.497206999844414
-7.62124039013137
-7.946264047859162
-8.007505068393977
-8.007552720364542
-8.10104767829438
-8.047483864500457
-7.972672114275672
-8.19319411538708
-8.35078129921283
-8.274022952451013
-8.272724780605742
-8.499323150968863
-8.472588548897159
-8.432846482287495
-8.389951812118865
-8.182095354174029
-8.135023324882942
-8.342487739483518
-8.412012847768825
-8.25334371234079
-8.212363166487973
-8.407421046222009
-8.271264628417827
-8.064093507956645
-8.103051470034762
-8.292741753076195
-8.538103495066064
-8.271454770009345
-7.710061894927698
-7.544220912669867
-7.852282060206232
-7.860649161945025
-7.940275102086363
-8.356703147589863
-8.533106351284536
-7.870541479588013
-7.236076766730046
-7.3640802893425255
-7.735346145354168
-7.717484835811426
-7.541755568763568
-7.623262095595009
-7.697625692530905
-7.540922365449642
-7.179025290424913
-6.850916230501452
-6.650367344786758
-6.017467313261965
-6.3343454624372315
-6.7631650155200225
-6.79841961295977
-6.820849297052336
-6.644704475716901
-6.588583426890516
-6.553748851649253
-6.13082891131732
-5.935693200043109
-5.975924222478358
-5.712911178900488
-5.393434081514042
-5.312339531235307
-5.641667722252915
-5.7324702143458355
-5.7464502477010875
-5.090976070596658
-4.571966409412081
-4.78657823406355
-4.828995469117078
-4.529757344566717
-4.385880159187506
-4.345132724856223
-4.307149368683195
-4.40696802674871
-4.494163097784371
-4.0208911460336365
-3.817812492653211
-3.8216984153989433
-3.9523568783514382
-3.9736792958633105
-4.112298503550729
-3.7141014788275273
-3.7081068097819223
-3.519781709748937
-3.3790852392878206
-3.4884554344406644
-3.619107892050705
-3.3373203160796088
-2.87206475693622
-3.03201466329178
-3.3505623813023484
-3.632251017151342
-3.9528659296796245
-3.992855538408845
-4.406145229202081
-4.475961127962737
-4.439018992524521
-4.436633879768175
-4.4206915259440525
-4.511182649076577
-4.818433413836147
-5.178643505579372
-5.5351696823914756
-6.117024582746285
-6.257045308140026
-5.965928916994898
-5.510771389332837
-5.313242115932765
-5.655235939390708
-6.022342339010311
-6.37667680418205
-6.525652076418633
-6.332384246585592
-5.983229539695997
-5.756781862212419
-5.395012962344913
-4.962870598269283
-4.893569359465632
-5.2641581563461575
-5.539601862194926
-5.533922959067404
-5.6795876310630184
-6.222089774692834
-6.890266469158241
-7.235991877707218
-7.283254771059121
-7.3459537177799765
-7.455053020060757
-7.1854738963154645
-6.795178170070421
-6.538000491256222
-6.414042753189591
-6.328747915840703
-6.189172172636447
-6.099231523675825
-6.149974492266055
-6.050963403967752
-5.811122924076078
-5.543722843393172
-5.2686460736060825
-5.062026880972947
-5.466854050099036
-5.75766021157586
-5.867634202958148
-6.309928369982493
-6.530813709827898
-6.352902734837703
-5.983701105673099
-5.693843280326846
-5.531593636694534
-5.740873732347772
-6.070577102064043
-6.012528527106919
-5.533930646748632
-5.271007037044691
-4.99038797474707
-4.641236068537626
-4.892285010146982
-5.096968729230529
-4.87950340307686
-4.47716620909018
-4.038373930436891
-3.521533698207071
-3.455236751506701
-3.5356825788410338
-4.282675152537847
-5.0388302815351045
-5.244179385252799
-5.331334520643948
-5.469326502043459
-5.852181960569309
-6.0343864521727335
-5.622489857096888
-5.386838821157926
-5.272024014329449
-5.095148988894291
-4.964323656360815
-4.972395640997543
-4.791908012089036
-4.500284124570595
-4.539471595075038
-4.964383060595763
-5.0331936612368775
-4.850618101018679
-4.817022665054561
-4.90056793974902
-4.792190734334021
-4.631570913988003
-4.558064693029838
-4.487934549132865
-4.312931766307829
-3.9386995839281362
-3.8647078588684165
-4.031055390402684
-3.718651129736907
-3.500649487734597
-3.303329591491395
-3.1058541988867616
-3.117197499285039
-3.2649005555501995
-3.1523643903576866
-2.964554803549217
-3.1259528935782024
-3.036245686896754
-3.0249943043418526
-3.2902313102844563
-2.5677881161124825
-2.5917235632165667
-3.3698088327734745
-3.6240928994124832
-2.960780840176184
-2.244518770227856
-2.055894072471477
-1.743643441110892
-2.1098752269154013
-2.704196929119617
-2.9470108311926784
-3.0903205728003726
-3.4587213671998693
-3.799004104401012
-4.036908860233649
-4.169513043642689
-4.3292597861266895
-4.6943739989144415
-4.994356422551567
-5.182118812758644
-5.374489994449633
-5.547785361658852
-5.478784381994478
-5.177164851578177
-5.108595931502033
-5.024856864466145
-4.7394247385447255
-4.579102046189175
-4.628676406845526
-4.685048292983869
-4.495643451480318
-4.2336444115491245
-4.047837283163074
-3.955540969317394
-3.8822563687154763
-3.8458801366695536
-3.82187212016311
-3.7183689781092135
-3.4832019787154542
-3.3529416051591974
-3.2982090309362664
-3.090941860078424
-2.8670645685785052
-2.6648072658205466
-2.491796542180225
-2.387594105641079
-2.3486740550818985
-2.2281979022947627
-2.313676958588935
-2.4537627398976025
-2.3494066481639075
-2.322910477752485
-2.0729168187918794
-1.8406235967182152
-1.7675060101701696
-1.6005583351097403
-1.3614516485122832
-1.356265462606071
-1.378266328970148
-1.3561196411645797
-1.2904695167002695
-1.0972611699228974
-0.9920882138493612
-1.0025589593550788
-0.8020680414369746
-0.5489745165878608
-0.4607268353916748
-0.4724034439159947
-0.5122185909770555
-0.22402939541887856
-0.1400488220140601
-0.2974084569045325
-0.26971123704109723
-0.23075717412853802
-0.4222885315987278
-0.4146774267702144
-0.17113672395736973
-0.03856002028938756
-0.019968291468101994
0.1281183370536918
0.15811040184944297
-0.015062721770566456
0.029351339034602394
0.15131703108349387
0.2339059110301016
0.20756535841371035
0.005198928318336336
-0.1685403328149701
-0.17565020235551881
-0.08091952995687458
0.2978092968077175
1.0094895248602758
1.2367748523496274
1.4500552167348286
1.9259774341860945
2.4187612775082563
2.7891191998318483
2.813426179392274
2.973731758419626
3.2340633197321047
3.1254496762844206
3.064207792169354
3.118988510216213
3.094981558395461
2.903253689060412
2.8491276085950394
2.8093483761012146
2.5500853477343903
2.2506945042929427
1.9375694754537673
1.7338875094276434
1.6071312370412347
0.8591617577791781
0.2097169120511495
-0.06757071596334296
-0.3564377371205934
-0.9185070650034992
-1.4742435187242504
-2.014818930844794
-2.3989466665422867
-2.4249806560587586
-2.4408180764785854
-2.5496609496149305
-2.59212089353055
-2.7223459854340097
-2.992696260824451
-3.2577242973151903
-3.447587235682723
-3.592449048699496
-3.845026501444165
-4.169726656376452
-4.398294171886042
-4.575268248760428
-4.777891856430817
-4.926615572871932
-5.01110716864738
-5.210996095108696
-5.5336808635709644
-5.729769725203644
-5.752021498714032
-5.794988439407497
-5.947553906422264
-6.1760667373606575
-6.451018757198061
-6.753353152474973
-7.064608275126501
-7.366420353126482
-7.637559129445305
-7.850829831313344
-7.983588486976262
-8.038023230715067
-8.024923689381247
-7.974780084898287
-7.933018598289658
-7.923993613806529
-7.929480529536416
-7.926973614586434
-7.898187114238789
-7.826876145674608
-7.708352821483027
-7.549020246889753
-7.378773197417441
-7.282235614695482
-7.324644226912189
-7.414052713551796
-7.411862542615368
-7.331053113653197
-7.306013063317492
-7.379417606905694
-7.421025443992621
-7.326571303508155
-7.190049030428739
-7.150858575624183
-7.223956680438551
-7.3403334139847525
-7.425535462016965
-7.399253834010189
-7.222670437094025
-7.0214427794182495
-6.94928162662165
-7.029173281341942
-7.204146079885717
-7.38465472020006
-7.4383557278449555
-7.27641680583663
-6.979002046263612
-6.661343357518969
-6.404716368243845
-6.268181766121567
-6.247144739584428
-6.262454028162736
-6.271945244681508
-6.319708248116891
-6.437721134692275
-6.565328299976862
-6.62792488685183
-6.63697330125367
-6.649053039542332
-6.694343732760551
-6.77186196497288
-6.855977324371965
-6.858865601223557
-6.705539634155771
-6.4985587831224745
-6.416689752338796
-6.491122448519888
-6.592607007320178
-6.6329964840964015
-6.646476398349112
-6.679184263200813
-6.731192326767032
-6.783560574968163
-6.822633580768975
-6.840531649740223
-6.8362598038847455
-6.829150120185795
-6.841008730514507
-6.878392979877044
-6.938508722738053
-7.006937197800906
-7.048360908594835
-7.035662168144451
-7.010732900146408
-7.042509519194945
-7.153612523780886
-7.302379083549989
-7.445712959410361
-7.559230569267698
-7.625420532506543
-7.64378808190724
-7.6407495903687375
-7.642124340668553
-7.646434354323781
-7.637551120124405
-7.608588319159877
-7.578271947177438
-7.5689978411918535
-7.58925651691802
-7.6343087953714335
-7.696031404803569
-7.750816216281165
-7.7700192255625256
-7.746666654686413
-7.715686558484773
-7.713726526371695
-7.729581626700004
-7.714187989375197
-7.632017470339504
-7.522137671181303
-7.447068186016633
-7.43045481459404
-7.422607566341624
-7.369130393115061
-7.262585900103066
-7.129624654620823
-7.002442785186041
-6.9321995785708355
-6.972796580325454
-7.10691727410702
-7.227505252088081
-7.235833532869147
-7.136551086095305
-6.98041138468983
-6.809059037443284
-6.641963555374736
-6.496162418774167
-6.400558465131108
-6.393173756679678
-6.485519148067122
-6.602454486781623
-6.653488433452345
-6.593144506815559
-6.418448928953894
-6.147914402171953
-5.888411889178952
-5.767338946964384
-5.802095618999954
-5.890306089160456
-5.950462490622962
-6.007450151553591
-6.108889534672547
-6.223360147127121
-6.241890008785693
-6.092689444951685
-5.879445698231161
-5.7504319406007145
-5.766805809605932
-5.891147035902721
-6.069792574739649
-6.197699761022648
-6.157799031686931
-5.952689738654515
-5.741245277094493
-5.669703557871121
-5.740019990463353
-5.898498748575078
-6.079639168034455
-6.199619637151746
-6.183412214868878
-6.0457872543410645
-5.8474503759107685
-5.640930320051065
-5.457174057921025
-5.320973306792093
-5.219318914903104
-5.112126148562325
-4.980931381805159
-4.864546503210692
-4.807347410388429
-4.817698664723058
-4.882702972484693
-4.964427864289953
-4.980459365641207
-4.858314307735271
-4.625033195742191
-4.349655768009726
-4.116695842353536
-4.0306357329463225
-4.159144147691944
-4.432406660109252
-4.751875622288238
-5.04536966231624
-5.258056219724743
-5.364126759236583
-5.407653458979933
-5.44337703002832
-5.529819227766969
-5.7284714306791535
-6.069965488770622
-6.444818816163452
-6.704174851849937
-6.762292601140733
-6.677229273918753
-6.526584661243824
-6.365477040929217
-6.214482227733169
-6.09055500510606
-5.995871635533658
-5.9183512940998515
-5.845253568448895
-5.763144679258496
-5.658231567906972
-5.52585753107286
-5.396351062023047
-5.308007323044026
-5.27325389765832
-5.2634330494870465
-5.246530133563566
-5.19408598940913
-5.079992733360066
-4.892023590186454
-4.673300961884272
-4.479452377243692
-4.312739307637476
-4.105126261815922
-3.8014278213168535
-3.4527368145609727
-3.149497572252081
-2.97448124511657
-3.0012582965196075
-3.2549725706513755
-3.6098005495225953
-3.919783475132191
-4.145431663405483
-4.3139080997869925
-4.450511934988002
-4.573280858235648
-4.697690934354417
-4.811389830627154
-4.876832409323212
-4.862596001651756
-4.780654320843252
-4.659508902134397
-4.5233989410631885
-4.385748226521053
-4.258129272302213
-4.148075687399169
-4.059080829977662
-3.9852441162858194
-3.8677127434722016
-3.629919343862307
-3.279186236109435
-2.96200065620514
-2.810230398210787
-2.761226494179348
-2.672332177019241
-2.5316828385192913
-2.4998414514215215
-2.700163542444516
-3.0590566533251504
-3.4557106254390475
-3.812047279257665
-4.087616855201107
-4.261396131638617
-4.398384513881093
-4.588786072518653
-4.872859246576374
-5.18260644724312
-5.436524493122652
-5.589609623793688
-5.651702689512765
-5.637360423607118
-5.57172944334709
-5.495775789496092
-5.451229739460616
-5.446253538722058
-5.435912207595755
-5.371124897034584
-5.240890648353722
-5.096408932819463
-4.9942304207108945
-4.9670416663324755
-5.010224047495855
-5.115545532538197
-5.257624101052196
-5.386975766837739
-5.452957263326899
-5.439867847828386
-5.383987746932538
-5.32572177785181
-5.296189224358242
-5.309895256128888
-5.37949808319995
-5.493759844456177
-5.589099751765998
-5.595023126167207
-5.476153562676156
-5.304389155618548
-5.172039550619649
-5.149075428237789
-5.209023702671272
-5.299390036092368
-5.3727985321178835
-5.4115386848509015
-5.408560889941509
-5.35716457964254
-5.253687340939788
-5.096084147553281
-4.883191942117075
-4.626205002664175
-4.345525466681011
-4.06103264198665
-3.78129891703037
-3.5060925628742936
-3.2368521743915144
-2.9932942905790734
-2.8053280710875326
-2.690270529700341
-2.608853911561966
-2.506458481463341
-2.365401670415353
-2.234379120277171
-2.1644180300495277
-2.1465296917554615
-2.129631886902767
-2.0735510024518926
-1.9836974220814105
-1.8765751174701684
-1.7713847268141099
-1.6908650543903625
-1.6537959483201383
-1.6484232069518698
-1.6495699526757432
-1.643205807802587
-1.638725483325877
-1.645922008049454
-1.6410330763256522
-1.576570940618782
-1.4272405874776184
-1.2503190768736967
-1.120369166593438
-1.070148378181923
-1.0859302969228315
-1.1485846186669004
-1.2234070104604753
-1.2709862959799565
-1.272703986206694
-1.2413338438340993
-1.1899269328359026
-1.1110997946162844
-0.9869127012126636
-0.8161562308284184
-0.6401010674424585
-0.5041793573418341
-0.4183682539354084
-0.3658932023036698
-0.33002756931703175
-0.2961606614756896
-0.25036949106931833
-0.18310651859359664
-0.08819875917678754
0.03136995083792528
0.14631693615809024
0.22542894543399983
0.27349377087133864
0.32018120922343546
0.3857380299523259
0.467699131484546
0.5600182872164983
0.6530329483236456
0.7352983875503671
0.7999380710802297
0.847241540235611
0.8806816268521155
0.9164433888549358
0.9736615935433046
1.0512760259376719
1.1293701977500026
1.1957905212830802
1.2615755577239813
1.3448705374507781
1.4919118506168867
1.7601556903095077
2.0628095376579116
2.118641299439929
1.7776667264299324
1.348427575292709
1.1880009107755465
1.2679216770314947
1.3535838868120975
1.322295739660683
1.2404591474981532
1.1817348100967677
1.1558160382356228
1.1482611164896421
1.1369316189177276
1.089359638142378
0.9834677089432241
0.8603019973012451
0.7825934882973761
0.7801216679266323
0.8318663075839035
0.9129607382539263
1.002721345924411
1.0826070778043906
1.1375591083608894
1.1607683582129815
1.148501705047184
1.1240526671364122
1.131007676083454
1.1961005584790156
1.2822215707693105
1.3388468292832096
1.353662749938573
1.3583440620205822
1.380899722417937
1.4130662611148128
1.433335393612562
1.4300538739044684
1.409112434285061
1.3773660990772747
1.3324269453314137
1.2661846230091718
1.1711739631829627
1.0424575125613635
0.8761197700140062
0.6923109394196847
0.5461216538866686
0.49113095810185364
0.5125383859852178
0.5404041762207549
0.5109916051574017
0.4282162316262828
0.3308240617369274
0.25244669657368596
0.19564171191600216
0.15187805495924184
0.11484853771787734
0.08855243942099608
0.07995451439881973
0.09601978475329519
0.14371327258636268
0.23
